0 0.15142347786272534 0.14310048367234088 0.02937311610715065 0.034090419933022975
0 0.24207499136582875 0.15419969016216217 0.1174924644286029 0.026162415297436268
0 0.38033121028396927 0.1557852910892796 0.11850533050126316 0.0277480162245536
0 0.47351488896872385 0.14746088622191367 0.025321651816509173 0.028540816688112328
0 0.5950588176879685 0.15023568784436903 0.1671229019889615 0.02616241529743629
0 0.7454694294780336 0.15657809155283842 0.0931836786847542 0.022991213443201593
0 0.1985217502414325 0.18155130615493634 0.11344100013796131 0.030126417615229564
0 0.28360250034490414 0.18234410661849537 0.018231589307886688 0.02061281205252559
0 0.39197917011956385 0.18670450916806808 0.1397755180271312 0.026162415297436303
0 0.5530248756725628 0.18353330731383338 0.1377497858818105 0.022991213443201635
0 0.6852038981547409 0.1823441066184952 0.0881193483214523 0.023784013906760156
0 0.17269366538859315 0.20929932237949025 0.06988775901356552 0.020612812052525693
0 0.28360250034490364 0.2100921228430489 0.10736380370199923 0.019027211125408287
0 0.4502189692975347 0.2140561251608422 0.1488913126810743 0.02695521576099486
0 0.6107582418142034 0.21247052423372445 0.11141526799263947 0.020612812052525468
0 0.7084998178259301 0.21088492330660763 0.033424580397792523 0.017441610198290852
0 0.7849712063117876 0.21683092678329755 0.07697782152218774 0.029333617151670953
0 0.15901997340767834 0.23546173767692635 0.026334517889169632 0.019027211125408273
0 0.25676154941940427 0.23982214022649934 0.12863399122786723 0.016648809734732203
0 0.40058853173717696 0.24457894300785135 0.08406788403081081 0.022991213443201576
0 0.5302353890377042 0.24378614254429262 0.0800164197401687 0.02457681437031892
0 0.6700109070648356 0.24220054161717525 0.12660825908254572 0.022991213443201573
0 0.17370653146125348 0.27985856363621237 0.07799068759484855 0.0269552157609948
0 0.27803173694527195 0.2873901680400197 0.07799068759484852 0.027748016224553626
0 0.3752668799206678 0.2842189661857852 0.07191349115888634 0.021405612516084176
0 0.4537640005518462 0.28659736757646104 0.02430878574384895 0.016648809734732026
0 0.4968108086399123 0.28659736757646104 0.03545031254311285 0.026162415297436258
0 0.5297289560013745 0.28501176664934386 0.018231589307886722 0.016648809734732203
0 0.6097453757415435 0.29095777012603385 0.10736380370199926 0.026955215760994845
0 0.7145770142618911 0.2858045671129018 0.06381056257760238 0.01982001158896677
0 0.23397206278454458 0.3143453838010115 0.17623869664290231 0.030919218078788016
0 0.41578152282708253 0.312363382642118 0.11040240191998034 0.023784013906760316
0 0.5216260274200912 0.31474178403279407 0.06684916079558458 0.01902721112540805
0 0.20054748238675366 0.34328260072090655 0.11344100013796161 0.025369614833877632
0 0.3312072057599416 0.3405077990984512 0.07090062508622602 0.01664880973473224
0 0.4780727862956949 0.3448682016480237 0.1357240537364896 0.02219841297964273
0 0.6300026971947497 0.33971499863489174 0.10938953584731918 0.019820011588966346
0 0.7130577151529011 0.3381293977077749 0.022283053598528276 0.022991213443201427
0 0.7718039473672029 0.34566100211158235 0.0769778215221879 0.03171201854234701
0 0.15800710733501777 0.36904861578656245 0.020257321453207366 0.022991213443201288
0 0.23599779492986642 0.3706342167136796 0.08508075010347166 0.026162415297436216
0 0.3504516611404881 0.370237816481901 0.0688748929409052 0.017441610198290217
0 0.47705992022303517 0.37103061694546013 0.11141526799264093 0.020612812052525485
0 0.6148097061048452 0.36984141625012174 0.11749246442860255 0.02299121344320153
0 0.22232410294895136 0.416220243368304 0.14483984839043282 0.033297619469464364
0 0.40565286210047896 0.41463464244118725 0.18130302700620649 0.02378401390676025
0 0.5849301569613643 0.41622024336830427 0.1266082590825458 0.02219841297964291
0 0.7358472017877592 0.421373446381436 0.11647959835594246 0.024576814370318646
0 0.25980014763738457 0.44198625843395994 0.2056118127500545 0.02299121344320065
0 0.40565286210047885 0.44555386051997553 0.021270187525867876 0.01744161019829078
0 0.5575827729995338 0.44436465982463713 0.19953461631409308 0.02299121344320141
0 0.1726936653885932 0.4701306748902938 0.043553241124395924 0.02854081668811235
0 0.2435942904748193 0.4713198755856324 0.0597590982869619 0.01664880973473221
0 0.3291814736146209 0.4693378744267359 0.03443744647045264 0.01744161019829086
0 0.4476868041158834 0.4744910774398662 0.11749246442860263 0.027748016224553945
0 0.607213210559893 0.4733018767445293 0.12053106264658425 0.022198412979642937
0 0.7414179651873922 0.47845507975766066 0.09723514297539566 0.03250481900590572
0 0.180290160933546 0.4947074892606129 0.02633451788916946 0.02061281205252554
0 0.28056390212692295 0.4982750913466274 0.13774978588181053 0.021405612516084235
0 0.4066657281731392 0.49906789181018607 0.05773336614164095 0.018234410661849543
0 0.48769501398596865 0.4970858906512884 0.049630437560358495 0.01902721112540815
0 0.610251808777874 0.49946429204196563 0.12863399122786723 0.02378401390676025
0 0.4350259782076285 0.5339511122067666 0.22586913420326188 0.02616241529743576
0 0.5818915587433832 0.5371223140610022 0.02329591967118865 0.021405612516084215
0 0.6578565141929115 0.5418791168423547 0.08001641974016933 0.026162415297436327
0 0.7490144607323442 0.542275517074134 0.06583629472292403 0.020612812052525843
0 0.23346562974821533 0.5351403129021055 0.1326854555185084 0.03329761946946465
0 0.1829034440845865 0.5584812854752663 0.025596642776063015 0.02139041258117358
0 0.3084689922416521 0.5606472590113887 0.18955351677408683 0.01841077505702828
0 0.4644701529444135 0.5611887523954173 0.0588030982693337 0.022742722129270213
0 0.5585551101753476 0.5649792060836288 0.07402272370374947 0.02490869566539108
0 0.6349991379254816 0.5682281663878103 0.01521962543441589 0.011912854448665307
0 0.7010661483339683 0.5731016068440824 0.06433750751821223 0.02599168243345147
0 0.29999013769489 0.588997121811075 0.25156405676720345 0.0310128029035504
0 0.4776572527867273 0.5909661886620945 0.050941721495358555 0.02215200207396443
0 0.542749452475241 0.5936736555822452 0.022640765109048052 0.019690668510190575
0 0.589917713119092 0.5961349891460194 0.036476788231244464 0.017721601659171235
0 0.6851975996196703 0.5983501893534158 0.0823872285912592 0.017229334946416663
0 0.7685281934238063 0.6008115229171898 0.03773460851508034 0.025105602350492973
0 0.18678631214964858 0.6098540168062122 0.02767204624439243 0.022201228745239946
0 0.29366959076861404 0.6174349241826351 0.15288805550026782 0.023284215513300385
0 0.4406773364419484 0.6174349241826356 0.053960490176564936 0.01570330813687689
0 0.5188508670823571 0.6163519374145744 0.04427527399102779 0.022201228745239873
0 0.6592865017726485 0.6231206047149526 0.16741587977857378 0.027074669201512053
0 0.19508792602296654 0.6524995277564404 0.04150806936658798 0.03357258980987504
0 0.4351429271930701 0.6554777413686065 0.030439250868831636 0.017869281672997915
0 0.5607048370270002 0.6611634219009244 0.16257327168580513 0.028157655969572204
0 0.7305420208519586 0.670098062737423 0.11760619653866769 0.03411408319390517
0 0.3185744323885672 0.6549362479845776 0.15012085087582855 0.027616162585542284
0 0.22410898452177275 0.6826065599085215 0.08751284624789094 0.02144313800759747
0 0.3093388869545012 0.6820109171860874 0.038810044857760205 0.01786928167299789
0 0.4436520814132204 0.6894564512165039 0.1613280296048073 0.02561263706462997
0 0.5988922608442617 0.6909455580225874 0.0897957900630531 0.028590850676796866
0 0.25188480093958154 0.707325732889502 0.1445864416269502 0.018464924395431268
0 0.41511528372369066 0.7100061251404509 0.09816658405198159 0.01786928167299778
0 0.515564811590833 0.7117930533077507 0.02359041942334466 0.0190605671178643
0 0.6095459986483527 0.715366909642351 0.12023504093188485 0.0214431380075974
0 0.26824589828157847 0.7368100476499485 0.17883059885438565 0.027399565231930195
0 0.42957392788638465 0.7391926185396812 0.10577639676918967 0.021443138007596497
0 0.5638871223451047 0.7421708321518478 0.10805934058435214 0.030973421566529703
0 0.7088540546079157 0.7448512244027979 0.13012779746425515 0.02323006617489714
0 0.7944644476765051 0.7505098302659131 0.030439250868831848 0.019060567117864465
0 0.7309225114878188 0.770166040106211 0.07077125827003375 0.017869281672998033
0 0.2104113216307984 0.7752290032468939 0.0722932208134749 0.02323006617489737
0 0.29982662105799135 0.7791006809427103 0.06544438936798787 0.02144313800759761
0 0.37516376695834963 0.7764202886917607 0.019785513064740527 0.01608235350569828
0 0.4645790663855422 0.7791006809427102 0.09360069642165718 0.019060567117864483
0 0.5867165604967285 0.7823767159160924 0.08522990243272806 0.024421351619763512
0 0.49007193898818796 0.8175196365396543 0.15676214197448224 0.02918649339922968
0 0.696297863624522 0.8234760637639876 0.22677241897279515 0.02918649339922966
0 0.589760485583612 0.8467061299388797 0.0563126141073391 0.019656209840297593
0 0.6605317438536459 0.8493865221898357 0.0608785017376632 0.01906056711786448
