0 0.20659391078555472 0.21422235426469283 0.14235882928080248 0.03769958227701046
0 0.38038932179485996 0.2219841297964291 0.1469960631255903 0.04180220626036654
0 0.5612390237008857 0.20108302666624553 0.15055960404984656 0.05477530475496248
0 0.6890810543585997 0.21765976363156367 0.028508327394053908 0.02018037543603896
0 0.7982144951639623 0.21657867209034726 0.13452366989069175 0.02090110313018325
0 0.22314807851203028 0.26414669990386724 0.15145048928091057 0.0353156570130693
0 0.4129066327287027 0.2583808783507138 0.121160391424729 0.0281083800716258
0 0.6498821041917756 0.2655881552921563 0.24588432377371489 0.052613121672530315
0 0.8534493794899408 0.26450706375093985 0.09710649018599589 0.028829107765769964
0 0.23250237343820512 0.31423727464689305 0.1576866858983604 0.04036075087207792
0 0.4200337145772161 0.3113543638703162 0.09977914587918853 0.025946196989192993
0 0.6289463012617673 0.3160390938822538 0.21470334068646843 0.04252293395451076
0 0.8253864947114198 0.31964273235297513 0.09443383449280347 0.042522933954510796
0 0.17771293172775784 0.3679314878606386 0.039198950166824544 0.03531565701306812
0 0.3033277493078081 0.3636071216957743 0.12294216188685742 0.03243274623649128
0 0.4663597465925537 0.36901257940185617 0.13006924373537082 0.04324366164865502
0 0.6129103671026116 0.36396748554284597 0.1327418994285627 0.04468511703694346
0 0.704226103286688 0.36180530246041037 0.028508327394058522 0.03603638470721221
0 0.8102414457833282 0.419463517991953 0.13541455512175496 0.03603638470721245
0 0.7826240036203381 0.36000348322505293 0.09799737541706013 0.032432746236490825
0 0.8944301001188941 0.3639674855428464 0.057907540019171935 0.030270563154058506
0 0.21780276712564622 0.4742388227469165 0.10868799818983019 0.054775304754963
0 0.36034440409591567 0.4753199142881324 0.12650570281111476 0.03819856778964515
0 0.4988770575263965 0.4767613696764218 0.11848773573153643 0.0482887555076649
0 0.6819539725100863 0.46522972657011363 0.14610517789452615 0.0281083800716258
0 0.18617634142286782 0.51207702668949 0.041871605860016634 0.032432746236491214
0 0.3060004050010006 0.5117166628424178 0.10868799818983042 0.02882910776576999
0 0.43785141919849985 0.5117166628424179 0.0552348843259793 0.02450474160090458
0 0.5594572532387577 0.5178428482426434 0.10779711295876736 0.04828875550766469
0 0.699326234515838 0.5153203013131391 0.12561481758005003 0.02450474160090451
0 0.8645854448782441 0.526491580572375 0.13541455512175601 0.04396438934279935
0 0.24942919282842488 0.5708163337622464 0.14165075173920524 0.056216760143251464
0 0.4472057141246723 0.5787443383978321 0.1683773086711308 0.04180220626036675
0 0.603110629560906 0.5690145145268858 0.11136065388302299 0.020901103130183073
0 0.8164776424007779 0.5726181529976071 0.2209395373039175 0.04108147856622228
0 0.58306571186196 0.681087670966315 0.48998687708529937 0.0965775110153288
0 0.12499799644168043 0.9087078651685394 0.11110933017038258 0.04494382022471911
0 0.36544553126352425 0.9143258426966294 0.2656207424385712 0.025280898876404712
0 0.7274188959592232 0.9023876404494383 0.36457748962156766 0.04353932584269713
