0 0.18520537304150764 0.05406899161470179 0.14328646144775084 0.03139489835692362
0 0.06440269144859015 0.09723697685547177 0.07240539275285272 0.027034495807350935
0 0.16310267420116312 0.09898113787530072 0.09298376753524255 0.023546173767692632
0 0.2598972518812927 0.09810905736538617 0.07774052695569456 0.027034495807350897
0 0.35173777637306913 0.10159737940504432 0.07088106869489799 0.016569529688376296
0 0.43024046535774113 0.1033415404248734 0.04954053188353086 0.02877865682717992
0 0.45424856927052915 0.045348186515556256 0.02743783304318633 0.026162415297436303
0 0.33839994086596475 0.06366187722376165 0.04268107362273426 0.04011570345606899
0 0.059067557245748324 0.14040496209624148 0.07545404086876238 0.03488322039658174
0 0.1497648386940587 0.1430212036259851 0.060210800289214515 0.026162415297436313
0 0.26408914304066833 0.14258516337102786 0.130329706955135 0.023546173767692656
0 0.3978485791262017 0.1430212036259851 0.07926485101364938 0.029650737337094474
0 0.10251079289746012 0.18531710835684048 0.1562432159403668 0.042731944985812745
0 0.2412242821713464 0.18313690708205413 0.06478377246307883 0.01918577121811996
0 0.3193458901415304 0.18357294733701132 0.06707025855001063 0.03401113988666713
0 0.3864161486915409 0.18444502784692596 0.05030269391250841 0.032266978866838124
0 0.0388702634778473 0.22107240926333677 0.027437833043186297 0.020057851728034468
0 0.0884107953613782 0.22499677155795234 0.041156749564779445 0.01744161019829081
0 0.17377294260684673 0.23066529487239673 0.10670268405683565 0.023546173767692687
0 0.26599454811311185 0.22586885206786675 0.04115674956477946 0.01744161019829086
0 0.35364318144551254 0.23022925461743945 0.08231349912955889 0.04011570345606902
0 0.03201080521705071 0.26249623348427753 0.018291888695457545 0.02616241529743629
0 0.10022430681052782 0.26947287756359395 0.10136754985399392 0.024418254277607153
0 0.20502158579492005 0.2725251593482948 0.07164323072387542 0.028778656827179887
0 0.2667567101420893 0.2677287165437649 0.010670268405683601 0.017441610198290824
0 0.3220134572429506 0.27208911909333755 0.08155133710058163 0.02616241529743629
0 0.42452425014041045 0.2725251593482948 0.09908106376706162 0.02180201274786358
0 0.1135621423176323 0.31220482254940657 0.1874918591284399 0.04185986447589812
0 0.29571886724323043 0.31612918484402214 0.1341405171000221 0.030522817847008814
0 0.4268107362273426 0.31394898356923584 0.09450809159319729 0.03313905937675304
0 0.0335351292750055 0.3483961637108601 0.02438918492727673 0.023546173767692694
0 0.0701189066659206 0.35798904931992015 0.030486481159095913 0.020057851728034492
0 0.11241889927416619 0.3540646870253046 0.034297291303982916 0.012209127138803596
0 0.17567834767929025 0.3527565662604327 0.054113504057395276 0.027034495807350817
0 0.23245941883810645 0.3584250895748775 0.03963242550682478 0.0279065763172654
0 0.3223945382574393 0.3553728077901765 0.11279998028865489 0.020057851728034492
0 0.4348134375316054 0.36104133110462117 0.08002701304262672 0.02616241529743635
0 0.04954053188353088 0.3920001892065874 0.05639999014432745 0.02354617376769306
0 0.11127565623070008 0.3933083099714591 0.01981621275341233 0.01046496611897453
0 0.18177564391110942 0.3941803904813738 0.08764863333240075 0.02616241529743645
0 0.27209184434493106 0.39069206844171545 0.051827017970463095 0.022674093257778125
0 0.3132485939097105 0.39723267226607456 0.010670268405683565 0.011337046628889028
0 0.34487831811227254 0.3976687125210318 0.023627022898299332 0.012209127138803524
0 0.42109452101001227 0.3963605917561598 0.10136754985399411 0.02529033478752181
0 0.053732423042906576 0.43211589266265643 0.05868647623125969 0.02529033478752176
0 0.15700537796934388 0.4408366977618019 0.11127565623070015 0.02354617376769302
0 0.26866211521453276 0.44214481852667353 0.07088106869489799 0.020929932237949117
0 0.3368756168080098 0.441272738016759 0.04115674956477953 0.015697449178461796
0 0.42452425014041056 0.44170877827171623 0.09298376753524253 0.020057851728034665
0 0.03887026347784732 0.4752838779034262 0.03658377739091513 0.027906576317265466
0 0.18215672492559815 0.4787721999430843 0.04725404579659877 0.01918577121811993
0 0.2446540113017447 0.48138844147282794 0.04115674956477949 0.015697449178461866
0 0.31096210782277833 0.48444072325752885 0.06097296231819179 0.02354617376769262
0 0.35745399159039964 0.48008032070795614 0.015243240579548002 0.016569529688376293
0 0.3856539866625633 0.48400468300257166 0.02438918492727673 0.013953288158632733
0 0.44129181477791335 0.4853128037674434 0.06554593449205619 0.020057851728034565
0 0.03277296724602811 0.5188879033991534 0.02134053681136714 0.015697449178461866
0 0.11165673724518879 0.516707702124367 0.10289187391194872 0.025290334787521688
0 0.23017293275117423 0.5223762254388117 0.09450809159319745 0.01744161019829084
0 0.30791345970686873 0.5180158228892388 0.01524324057954793 0.019185771218120068
0 0.3776512853583007 0.5258645474784697 0.11356214231763256 0.024418254277607264
0 0.0716432307238754 0.5642360899147095 0.10060538782501652 0.026162415297436327
0 0.23665130999748224 0.5638000496597513 0.13490267912899967 0.03226697886683802
0 0.14824051463610388 0.5624919288948805 0.02972431913011853 0.02092993223794899
0 0.3201080521705071 0.5659802509345387 0.015243240579548002 0.015697449178461723
0 0.39670533608273556 0.5642360899147095 0.09374592956421993 0.03139489835692359
0 0.2610404949247586 0.5847299818977015 0.04039458753580203 0.016569529688375998
0 0.33417094576152173 0.5869101831724877 0.06775821268885399 0.017441610198290918
0 0.06516485347756751 0.606531994645565 0.08307566115853636 0.027034495807350907
0 0.17301078057786934 0.6074040751554796 0.10212971188297133 0.025290334787521865
0 0.2507513075335639 0.6091482361753086 0.013718916521593166 0.016569529688376293
0 0.3364945357935212 0.6095842764302658 0.13032970695513502 0.022674093257778125
0 0.4412918147779134 0.613072598469924 0.05944863826023689 0.017441610198290783
0 0.07735944594120588 0.6518801811611212 0.11356214231763229 0.03226697886683823
0 0.19397023637474775 0.6518801811611212 0.0861243092744459 0.030522817847009096
0 0.29876751535914003 0.6510081006512067 0.08841079536137823 0.021802012747863548
0 0.40928100956086266 0.6518801811611212 0.08688647130342339 0.02877865682717996
0 0.05525674710086136 0.6902517235973611 0.07240539275285282 0.0218020127478637
0 0.14709727159263772 0.6906877638523186 0.07469187883978502 0.020929932237949256
0 0.22826752767873068 0.695048166401891 0.041918911593756845 0.029650737337094505
0 0.2774269785477728 0.6924319248721476 0.012194592463638297 0.013953288158632518
0 0.341829669996363 0.6941760858919767 0.08917295739035555 0.0226740932577782
0 0.43481343753160556 0.6950481664018912 0.07088106869489806 0.026162415297436365
0 0.06973782565143191 0.733419708838131 0.09984322579603912 0.029650737337094456
0 0.17605942869377889 0.7373440711327465 0.06859458260796579 0.020057851728034422
0 0.24312968724378983 0.7364719906228318 0.028962157101141167 0.013081207648718209
0 0.28238103173612594 0.7321115880732592 0.01600540260852533 0.02529033478752183
0 0.3547864244889788 0.7347278296030026 0.10898917014376805 0.020057851728034468
0 0.4271918172418314 0.7373440711327466 0.012956754492615801 0.011337046628889028
0 0.3970864170972243 0.75914608388061 0.0960324156511522 0.020057851728034707
0 0.035440534347448996 0.7709191707644565 0.025151346956254126 0.02092993223794906
0 0.10555944101336961 0.7774597745888155 0.09222160550626515 0.02703449580735068
0 0.19473239840372517 0.7787678953536874 0.06630809652103359 0.026162415297436327
0 0.2503702265190752 0.7752795733140292 0.017529726666480165 0.022674093257777913
0 0.28962157101141117 0.7761516538239437 0.03810810144886986 0.02092993223794892
0 0.3559296675324446 0.7792039356086446 0.06554593449205616 0.013081207648718618
0 0.40242155130006607 0.7853084991780463 0.01524324057954793 0.02180201274786356
0 0.43633776158956034 0.7796399758636018 0.04039458753580206 0.013953288158632518
0 0.030486481159095913 0.8127790352403546 0.018291888695457552 0.02092993223794906
0 0.08955403840484426 0.8193196390647135 0.08002701304262676 0.027034495807350824
0 0.2172161782585585 0.8171956642477249 0.12804322086820283 0.022646550442932862
0 0.3235377813009054 0.8210638000845427 0.04954053188353086 0.013081207648718163
0 0.39556209303926954 0.8214998403394996 0.06554593449205602 0.020929932237949166
0 0.44472154390831165 0.8249881623791581 0.019054050724435 0.01395328815863266
0 0.0331540482605168 0.861775239178545 0.019054050724434942 0.020057851728034422
0 0.07278647376734149 0.8622112794335024 0.04039458753580209 0.026162415297436327
0 0.1352837601434881 0.8630833599434169 0.05563782811535004 0.022674093257778197
0 0.19663780347616863 0.8622112794335024 0.0365837773909151 0.01395328815863266
0 0.2526567126060074 0.8630833599434169 0.05411350405739526 0.024418254277607333
0 0.39022695883642766 0.8425894679604249 0.07316755478183012 0.020057851728034422
0 0.31591616101113146 0.8609031586686305 0.014481078550570667 0.020057851728034565
0 0.3944188499958037 0.8617752391785456 0.11203781825967711 0.021802012747863794
0 0.36812425999608317 0.8870655739660667 0.12194592463638369 0.018313690708205287
0 0.05601890912983874 0.9010188621246994 0.05868647623125964 0.020057851728034422
0 0.1390945702883751 0.9036351036544431 0.07088106869489795 0.02529033478752183
0 0.19206483130230428 0.9049432244193149 0.01524324057954793 0.013953288158632803
0 0.22788644666424196 0.9031990633994857 0.04268107362273426 0.017441610198290932
0 0.31248643188073316 0.9071234256941014 0.08231349912955896 0.020057851728034422
0 0.3887026347784727 0.9071234256941012 0.02438918492727665 0.02005785172803492
0 0.43290803245916204 0.9158442307932468 0.05487566608637266 0.028778656827179817
0 0.03772702043438119 0.9476751694051276 0.031248643188073303 0.03488322039658172
0 0.09831890173808432 0.946803088895213 0.0731675547818302 0.019185771218120068
0 0.1844432110125303 0.9424426863456403 0.06707025855001103 0.019185771218120068
0 0.2526567126060074 0.9476751694051275 0.044967559709666496 0.027906576317265605
0 0.33344588767761174 0.942006646090683 0.0906972814483105 0.027034495807350813
0 0.4210945210100124 0.9459310083852983 0.05258917999944039 0.01569744917846194
0 0.8391838118857692 0.06671415900846257 0.11889727652047398 0.028778656827179932
0 0.5689973726132816 0.1094461039942752 0.07240539275285286 0.03401113988666719
0 0.6566460059456825 0.1094461039942752 0.05411350405739526 0.021802012747863576
0 0.7713513913067809 0.10901006373931793 0.12956754492615785 0.027906576317265373
0 0.8940594779721417 0.10988214424923248 0.08536214724546866 0.022674093257778125
0 0.7763054444951341 0.1329922777619679 0.0906972814483109 0.014825368668547305
0 0.892535153914187 0.1338643582718824 0.07621620289773973 0.023546173767692677
0 0.569759534642259 0.16787549815854963 0.08002701304262688 0.03052281784700899
0 0.6292081729024963 0.17223590070812236 0.02362702289829959 0.02005785172803449
0 0.7122838340610326 0.17179986045316512 0.10594052202785831 0.01918577121811996
0 0.8163189510164471 0.17223590070812234 0.08383782318751358 0.01831369070820543
0 0.9218783920298158 0.1735440214729941 0.10289187391194884 0.03139489835692359
0 0.559851428265553 0.20624704059478957 0.041918911593756866 0.02529033478752176
0 0.6817973529019368 0.22063636900837935 0.15624321594036666 0.026162415297436407
0 0.7961216572485483 0.21365972492906238 0.017529726666477057 0.024418254277607212
0 0.8761486702911734 0.2149678456939349 0.10594052202785821 0.03575530090649627
0 0.5621379143524851 0.2555195894049612 0.048016207825576133 0.024418254277607226
0 0.6265406058010755 0.2576997906797477 0.047254045796598906 0.014825368668547207
0 0.6905622162351766 0.2563916699148758 0.05944863826023692 0.015697449178461796
0 0.8094594927556507 0.25508354915000386 0.1387134892738863 0.023546173767692625
0 0.924164878116749 0.2581358309347048 0.0358216153619378 0.017441610198290894
0 0.8308000295670175 0.28299012546726937 0.1600540260852534 0.02877865682718007
0 0.5899568284101602 0.3174373056088939 0.10822700811479034 0.03313905937675279
0 0.7050432947857472 0.3200535471386373 0.09298376753524253 0.027906576317265352
0 0.8037432775383202 0.3174373056088938 0.07850268898467191 0.02267409325777809
0 0.8689081310158877 0.32179770815846653 0.01067026840568346 0.010464966118974494
0 0.9348351465224326 0.31743730560889377 0.08459998521649112 0.02790657631726539
0 0.754583826669278 0.41859864475898084 0.028962157101141202 0.022674093257778055
0 0.8376594878278144 0.4220869667986388 0.06097296231819186 0.026162415297436247
0 0.10898917014376788 0.48531280376744346 0.0731675547818302 0.032266978866838256
