0 0.18776101892787275 0.7051927060103564 0.050016677346537176 0.2170035736728057
0 0.2072119490070817 0.5051259966242092 0.03969577567185535 0.1598416567053348
0 0.19450930079208859 0.30082507116639684 0.042871437725604 0.21700357367280573
0 0.25841949962377486 0.6813752406072442 0.03890186015841721 0.2985122330523484
0 0.2699312745686135 0.39715348679676316 0.03652011361810658 0.21700357367280687
0 0.2401594428147208 0.4289101073342475 0.03413836707779472 0.10056263170203214
0 0.23341116095050643 0.2627171265214148 0.03652011361810626 0.22123778974447128
0 0.2666189362881883 0.2184115086638386 0.0269012694635712 0.11460378210496963
0 0.3023779408190327 0.7105079012901402 0.03805545436310067 0.20471209933254042
0 0.3046743906512887 0.5530370556497236 0.03477481174559186 0.0892334791962359
0 0.299753426725025 0.3946913719779731 0.035430940269093554 0.21346047964589757
0 0.2968008483692679 0.20791345228781122 0.03346255469858853 0.12510183848099724
0 0.3364966240411229 0.7988665424550401 0.022308369799058952 0.024495464877398093
0 0.3325598529001121 0.6812008272403963 0.027557397987072806 0.19508888098784977
0 0.3424017807526377 0.4830500131428728 0.03543094026909353 0.1732179302044593
0 0.3322317886383616 0.2796501708573356 0.019027727181550515 0.1863405006744921
0 0.37586433545122716 0.6990557172205394 0.036743197316096696 0.22920756420993868
0 0.36372595776644445 0.44141591699219146 0.029525783557578057 0.23358175436661846
0 0.3699591787397113 0.23757865569098485 0.03543094026909362 0.16359471185976557
0 0.4037497977000506 0.750233742053674 0.026901269463571065 0.13210054273168356
0 0.40801463310281166 0.5608313082695076 0.03805545436310063 0.19596371901918552
0 0.4024375406530455 0.30800311721350565 0.03871158288660209 0.24495464877397857
0 0.4385246094456423 0.7804156541347526 0.029525783557577765 0.08223477494555094
0 0.447382344512916 0.6483151114030703 0.034118683222090156 0.14872246532705974
0 0.44639815172766334 0.5201513398123983 0.02690126946357111 0.04986576778613184
0 0.4454139589424092 0.39155014920605713 0.03411868322209019 0.1758424442984646
0 0.44213331632490194 0.2069593245942369 0.030181912081079766 0.15309665548373796
0 0.47625199954699227 0.7392982666619775 0.022308369799058952 0.1609701977657589
0 0.4736274854529846 0.5918880583819207 0.01968385570505203 0.0866089651022282
0 0.47395554971473364 0.4059849767230949 0.020339984228553442 0.23270691633528112
0 0.4729713569294836 0.2104586767195798 0.023620626846062507 0.11460378210496959
0 0.5116829398160859 0.7576698653200262 0.019683855705052055 0.13822440895103213
0 0.5097145542455808 0.5835770970842326 0.018371598658048497 0.16097019776575877
0 0.5113548755543351 0.37142887448533857 0.024276755369564286 0.219584345865247
0 0.5484261371321826 0.6929318510011885 0.04330448255111445 0.2746991418393926
0 0.5402245305884107 0.4107965858954429 0.02821352651057463 0.22658305011593194
0 0.5461296872999271 0.2253309232522865 0.04527286812161977 0.1268515145436685
0 0.5786080492132606 0.7624814744923727 0.030181912081079745 0.10060637360360014
0 0.587076449209573 0.5568945371284935 0.03018191208108019 0.2615765713693562
0 0.5857641921625713 0.3150018214641892 0.03280642617508709 0.19071469083117043
0 0.624147710787423 0.723988601113604 0.04920963926263 0.2213340219279177
0 0.6110251403173885 0.44928945927421 0.029525783557577855 0.23183207830394553
0 0.6205390039081662 0.23145478947163872 0.03936771141010392 0.1933392049251793
0 0.6543296228684993 0.7454221328813274 0.028213526510574304 0.13472505682568975
0 0.6533454300832462 0.5599564702381687 0.04461673959811783 0.2029624232698689
0 0.6454718878012293 0.3141269834328544 0.036743197316097154 0.24495464877398188
0 0.6927131414933537 0.6806841185624911 0.03936771141010296 0.24495464877398004
0 0.687792177567089 0.503966836232689 0.022964498322560777 0.07523607069486546
0 0.6861518562583371 0.3171889165425288 0.03149416912808298 0.2615765713693578
0 0.7258476319301919 0.23976575076932374 0.03871158288660216 0.16971857807911522
0 0.758790436005626 0.792780121894046 0.03797468354430391 0.03938115330520389
0 0.7545710267229253 0.6633849038912331 0.043600562587904367 0.18565400843881869
0 0.7953586497890299 0.7027660571964367 0.040787623066104145 0.2044069385841537
0 0.7981715893108298 0.5461790904828875 0.03516174402250376 0.07126113455227362
0 0.8349315944252659 0.7314921365554278 0.04091548395345868 0.16877637130801612
0 0.8355708988620375 0.5584537356689255 0.04475131057409602 0.15343306482547017
0 0.8413246387929929 0.36069556322720997 0.058816008183096846 0.19434854877893
