0 0.32261904337809777 0.5360110960161897 0.14179369056374758 0.03729720658819706
0 0.2353582346772405 0.5768205915450403 0.07909580017841689 0.03986942773220929
0 0.31107799460414054 0.5845372549770828 0.0684853879593612 0.027008322012142386
0 0.36268318130591276 0.5819650338330692 0.028937487870152552 0.04501387002023734
0 0.4311685692652738 0.5883955866931031 0.10417495633254945 0.03472498544418308
0 0.23132452424685584 0.6184438064208974 0.07716663432040681 0.03390655144381504
0 0.31594475392775623 0.6237051678518328 0.07979731503587445 0.032737360014718
0 0.4093339193268857 0.6266281464245773 0.09996586718779982 0.03156816858562147
0 0.4759778307854193 0.6318895078555143 0.0245530200110386 0.016368680007359016
0 0.2063330574499063 0.6529349535792615 0.020168552151924538 0.03273736001471803
0 0.23570899210597038 0.6581963150101982 0.03332195572926665 0.036244934302009285
0 0.31550630714184547 0.6576117192956498 0.1157499514806104 0.030398977156523576
0 0.4264333439774294 0.6599501021538433 0.08681246361045757 0.025722211440135846
0 0.2427241406805527 0.6880106964521737 0.09295071861321748 0.023383828581941726
0 0.35365117751613745 0.6891798878812707 0.09908897361597704 0.02338382858194191
0 0.19142586672891856 0.7113945250341149 0.021922339295570123 0.01636868000735917
0 0.276922989981642 0.7149020993214056 0.14381054577894006 0.023383828581941487
0 0.4492325768448233 0.7154866950359543 0.17450182079273835 0.022214637152844437
0 0.5698054429704589 0.7189942693232441 0.05787497574030539 0.02221463715284645
0 0.25456220390016066 0.7412089064760907 0.14117986506347183 0.02689140286923265
0 0.3681199214512139 0.7447164807633793 0.07892042146405302 0.02689140286923269
0 0.4917619150782297 0.7429626936197358 0.1508256943535224 0.02338382858194161
0 0.6066349729870172 0.548876916389622 0.10873480290602804 0.035075742872912076
0 0.5342912533116323 0.5892140206934716 0.07278216646129264 0.03858331716020242
0 0.6202268233502707 0.5915524035516653 0.08155110217952091 0.040921700018397636
0 0.7162466694648684 0.6003213392698933 0.0999658671877998 0.03273736001471818
0 0.5605980604663189 0.6277973378536749 0.12364199362701539 0.03156816858562083
0 0.6364493544289929 0.6318895078555143 0.014030297149164922 0.02572221144013568
0 0.6965165640988552 0.6353970821428055 0.09207382504139475 0.02572221144013568
0 0.7605297948419201 0.6371508692864513 0.025429913582861303 0.0175378714364561
0 0.5338528065257229 0.6581963150101986 0.078920421464053 0.02455302001103821
0 0.5873433144069158 0.6581963150101986 0.015784084292810547 0.0245530200110386
0 0.6171576958488911 0.6634576764411352 0.03682953001655789 0.028060594298329845
0 0.6829247137356016 0.6669652507284266 0.08768935718228071 0.02572221144013568
0 0.5360450404552808 0.6874261007376252 0.09382761218504028 0.026891402869232982
0 0.6193499297784475 0.6921028664540134 0.05875186931212784 0.026891402869232795
0 0.66056392765412 0.6938566535976594 0.01666097786463357 0.021045445723747204
0 0.7109853080339315 0.6961950364558536 0.07892042146405245 0.023383828581941515
0 0.7140544355353106 0.7242556307541834 0.1587177364999274 0.02806059429833009
