0 0.24473017995951551 0.6798707680546147 0.03920269800947657 0.14035533855244675
0 0.24944902323843401 0.5467751883928114 0.029765011451639577 0.12002801365864406
0 0.2527159147392237 0.44997840318422744 0.023231228450060187 0.06388587823766563
0 0.27812507085647703 0.8550729492821517 0.026135132006317684 0.06291791038557946
0 0.2839328779689921 0.8032866691955592 0.01597146955941643 0.032910906970918606
0 0.2842958659135243 0.7360129034755932 0.01814939722660945 0.09776475306066999
0 0.28465885385805656 0.6140489541127772 0.02032732489380262 0.13261159573576023
0 0.28828873330337834 0.49789281186247664 0.017423421337545087 0.08421320313146814
0 0.2861108056361851 0.3773808142777859 0.023231228450060527 0.14906704922121936
0 0.3002673354729406 0.8245819619414477 0.01379354189222326 0.1103483351377858
0 0.30099331136200497 0.7253652571026491 0.012341590114094494 0.0725975889064381
0 0.3035342269737303 0.6629313306431114 0.013067566003158771 0.025167164154232036
0 0.3038972149182619 0.6009813881096174 0.013793541892223015 0.08711710668772525
0 0.3053491666963909 0.518704120682322 0.012341590114094492 0.0735655567585234
0 0.3064381305299878 0.4325549818466824 0.013067566003158894 0.08518117098355397
0 0.30897904614171307 0.33866210019435417 0.01669744544848053 0.08711710668772564
0 0.32712844336832264 0.8144182994945461 0.01814939722660945 0.13454753143993187
0 0.3289433830909836 0.6435719736013955 0.01597146955941632 0.05227026401263537
0 0.32495051570112926 0.562262674026184 0.02250525256099568 0.0967967852085838
0 0.32858039514645093 0.4722416637822004 0.015245493670351985 0.07550149246269387
0 0.33003234692457994 0.41755148013935073 0.015245493670351953 0.024199196302146054
0 0.33075832281364465 0.36286129649650023 0.013793541892223229 0.07356555675852398
0 0.34346290087227116 0.8478131903915078 0.011615614225030057 0.06388587823766556
0 0.3285803951464514 0.7098777714692747 0.015245493670351783 0.07840539601895315
0 0.3438258888168033 0.7902191031924001 0.01669744544848074 0.041622617639690995
0 0.3438258888168034 0.7345609516974645 0.01234159011409446 0.060014006829322133
0 0.34418887676133564 0.6561555556785115 0.01597146955941632 0.08324523527938225
0 0.34237393703867464 0.5874298381804168 0.01669744544848072 0.038718714083433664
0 0.34382588881680326 0.5370955098719516 0.010889638335965578 0.058078071125150205
0 0.34527784059493216 0.4848252458593178 0.01669744544848072 0.034846842675090244
0 0.3460038164839963 0.4185194479914347 0.012341590114094197 0.08421320313146802
0 0.3476977593020197 0.32898242167349667 0.017181427528271506 0.079373363871038
0 0.3695980328785889 0.8710444188415681 0.01451951778128766 0.025167164154231755
0 0.37068699671218547 0.8313577369060485 0.01379354189222326 0.04646245690012037
0 0.3692350449340563 0.784411296079885 0.013793541892223189 0.03775074623134817
0 0.3670571172668637 0.7311730642151639 0.01669744544848072 0.059046038977236176
0 0.3659681534332666 0.686162559093172 0.02468318022818897 0.023231228450059517
0 0.3688720569895246 0.6382481504149234 0.01597146955941639 0.0687257174980946
0 0.3685090690449924 0.5879138221064597 0.016697445448480792 0.024199196302145936
0 0.3670571172668615 0.5337076223896516 0.012341590114094438 0.08421320313146621
0 0.3695980328785881 0.4490104353321406 0.014519517781287662 0.07743742816686877
0 0.3685090690449922 0.39044838028094553 0.010889638335965877 0.020327324893803875
0 0.36959803287858894 0.3468898269370846 0.014519517781287577 0.06098197468140792
0 0.3855695024380039 0.8371655440185615 0.017423421337544952 0.09679678520858402
0 0.38520651449347304 0.7587601479996106 0.012341590114094459 0.04452652119594859
0 0.38702145421613393 0.6929383340577732 0.01887537311567378 0.04839839260429201
0 0.3841175506598758 0.6464758771576515 0.015971469559416054 0.04065464978760638
0 0.3848435265489409 0.6000134202575326 0.013067566003158804 0.040654649787605
0 0.3870214542161338 0.5462912044667684 0.01742342133754505 0.06098197468140802
0 0.38484352654894033 0.4935369565280898 0.011615614225030126 0.040654649787606155
0 0.3855695024380053 0.4141635926570514 0.017423421337545122 0.10647646372944244
0 0.3873844421606662 0.3255945341911962 0.016697445448480692 0.059046038977236315
0 0.4109786585552586 0.8560409171342375 0.01597146955941639 0.049366360456377975
0 0.40698579116540456 0.8018347174174305 0.023957204339124516 0.03194293911883278
0 0.4088007308880654 0.7461765659224946 0.01451951778128766 0.07162962105435212
0 0.4077117670544687 0.6972941893921597 0.013793541892223118 0.020327324893802796
0 0.4102526826661916 0.6372801825628387 0.014519517781288066 0.09970068876484235
0 0.4102526826661942 0.5719423525470435 0.011615614225030057 0.027103099858403538
0 0.40952670677712966 0.4998287475666483 0.011615614225029956 0.10550849587735663
0 0.4102526826661942 0.4315870139945966 0.011615614225030057 0.025167164154231828
0 0.40916371883259733 0.3802847178340474 0.016697445448480536 0.06969368535018054
0 0.42622415222561044 0.8192581387549757 0.011615614225030057 0.12486785291907339
0 0.42549817633654585 0.7248812731766064 0.01451951778128759 0.05420619971680741
0 0.42513518839201386 0.6609953949389407 0.012341590114094459 0.05807807112515064
0 0.4265871401701427 0.5738782882512151 0.01669744544848072 0.09873272091275574
0 0.42549817633654613 0.4843412619332747 0.017423421337545052 0.07066165320226624
0 0.42440921250294955 0.42819912651229614 0.013793541892223118 0.03000700341466107
0 0.4269501281146728 0.36237731257045896 0.014519517781287229 0.09582881735649862
0 0.44618848917488085 0.865236611729053 0.021053300782867067 0.04646245690012009
0 0.4487294047866062 0.8047386209736881 0.018875373115673923 0.0629179103855796
0 0.4486530994417869 0.7473603906055958 0.01451951778128759 0.02903903556257518
0 0.4450232199964649 0.6621792196220414 0.021779276671931393 0.12777175647533143
0 0.45010505121991573 0.5518308844842561 0.01306756600315886 0.07937336387103891
0 0.4464751717745938 0.4690696331309166 0.02323122845006019 0.06678978179392323
0 0.4472011476636583 0.3911482210380059 0.01597146955941654 0.08518117098355402
0 0.4664395087238645 0.8388333526277073 0.016697445448480938 0.09195694594815468
0 0.46571353283479977 0.7522002298660252 0.009437686557836927 0.04259058549177709
0 0.4642615810566715 0.6955741105190029 0.016697445448481233 0.06678978179392299
0 0.4649875569457356 0.6408839268761529 0.01524549367035214 0.027103099858402792
0 0.4649875569457354 0.5663504022655428 0.013793541892223142 0.11809207795447246
0 0.4671654846129286 0.4666497135007017 0.015245493670352097 0.07162962105435224
0 0.4668024966683971 0.38437244607340565 0.015971469559417643 0.08518117098355404
0 0.48930774922939213 0.8562567739652528 0.02032732489380272 0.055174167568892735
0 0.48967073717392445 0.7836591850588148 0.018149397226609524 0.07840539601895301
0 0.49003372511845655 0.7246131460815787 0.014519517781287657 0.030007003414661126
0 0.4878557974512634 0.6791186570335431 0.020327324893802564 0.04549448904803564
0 0.48858177334032793 0.6123288752396205 0.015971469559416328 0.07646946031478216
0 0.4893077492293923 0.5392473024071401 0.013067566003158788 0.05807807112515044
0 0.4893077492293923 0.45842198675797247 0.013067566003158788 0.09970068876484163
0 0.4860408577286026 0.3630771533275173 0.016697445448480792 0.07356555675852385
0 0.5074571464560018 0.8320575776631065 0.014519517781287523 0.10357256017318488
0 0.506005194677873 0.7357447763805657 0.014519517781287518 0.06969368535018049
0 0.5070941585114696 0.6645991392522561 0.018149397226609434 0.03968668193551949
0 0.5074571464560017 0.6041011484968906 0.01742342133754508 0.07162962105435228
0 0.5038272670106798 0.5436031577415263 0.01306756600315886 0.03581481052717621
0 0.5056422067333408 0.47874931165177514 0.015245493670351919 0.06872571749809474
0 0.5092720861786627 0.3940521245942641 0.022505252560995857 0.09486084950441238
0 0.5361331940740448 0.8456091275923086 0.023957204339124516 0.0745335246106096
0 0.5332292905177876 0.7618799083868834 0.02395720433912471 0.0851811709835541
0 0.5343182543513838 0.6965420783710892 0.026135132006317646 0.03387887482300428
0 0.5335922784623195 0.6370120554678099 0.024683180228188918 0.07743742816686719
0 0.5314143507951262 0.5566707237446851 0.02323122845006011 0.07356555675852385
0 0.5633572899139591 0.5624785308572003 0.02758708378444652 0.04646245690012016
0 0.5644462537475554 0.4942367972851484 0.019601349004738082 0.06872571749809474
