0 0.20509320317320068 0.5519227727943761 0.04251605196716635 0.09018556477883777
0 0.2485755290487117 0.7007289546794584 0.032853312883719524 0.07343681703419666
0 0.24374415950698824 0.6118317551117468 0.030920765067030124 0.057976434500681434
0 0.24599316202866053 0.5224242742614813 0.02829443258414926 0.0703073779363708
0 0.24342094088464697 0.3878113677247714 0.033438874872176394 0.16119252502485013
0 0.283290368616857 0.6947630909103897 0.023149990296122032 0.06516293564834365
0 0.2800750921868403 0.6184538636379878 0.027008322012142507 0.07030737793637094
0 0.2781459263288301 0.508705761493409 0.02572221144013564 0.10803328804856975
0 0.2794320369008369 0.4186780214529341 0.028294432584149227 0.0583036792643076
0 0.27621676047081994 0.35265767875658616 0.02186387972411531 0.04972960878426221
0 0.3154431329170264 0.6587519948942006 0.02829443258414922 0.1440443840647599
0 0.31222785648700985 0.5558631491336576 0.02958054315615598 0.027437025536144688
0 0.3090335625751264 0.4555465245171277 0.019644660000303977 0.15261845454480485
0 0.3090125800569925 0.3175039897884008 0.025722211440135576 0.10288884576054291
0 0.3475958972171963 0.6981927191024081 0.02572221144013566 0.07545182022439788
0 0.3439480095769582 0.6208087857687759 0.020762910427241293 0.048979173315543606
0 0.3423508626210163 0.5425485849276351 0.023957204339124457 0.06495064287496011
0 0.3371601350142061 0.46109409017461184 0.031144365640861905 0.07453352461060976
0 0.34155228914304564 0.3737833899164686 0.025554351295066172 0.07879258315978746
0 0.33915656870913324 0.30883274704150965 0.019165763471299682 0.038331526942599295
0 0.3766895221737616 0.6564784011181386 0.025554351295066082 0.15226134313310252
0 0.3742938017398492 0.5164618513139222 0.023957204339124658 0.10434693445485359
0 0.3734952282618784 0.44086356206601807 0.01597146955941639 0.021295292745888473
0 0.3718980813059369 0.3679271844113501 0.022360057383182905 0.10967075764132567
0 0.4114274684654923 0.6490250486570781 0.026352924773037075 0.15864993095686927
0 0.40623674085868194 0.5366923794225162 0.023957204339124585 0.04046105621718801
0 0.40543816738071115 0.47866270668996996 0.023957204339124516 0.035137233030716
0 0.4014452999908571 0.38762533020129686 0.020762910427241224 0.1213831686515644
0 0.4417732606283834 0.7198318970371573 0.0215614839052121 0.02981340984424392
0 0.44257183410635403 0.6724498706775549 0.02156148390521202 0.04791440867824903
0 0.4397768269334562 0.5622467307175819 0.025554351295066093 0.15758516631957484
0 0.4349853860656311 0.424892092506601 0.028748645206949024 0.09156975880732038
0 0.43378752584867525 0.32054515805174644 0.023158630861153315 0.09582881735649779
0 0.47195692548075363 0.6757791679438481 0.02874864520694965 0.10541169909214795
0 0.4727554989587244 0.5554607639295779 0.03354008607477446 0.09050499417002598
0 0.46756477135191404 0.4356747422339552 0.026352924773036978 0.12990128574991977
0 0.4631726172230745 0.3488964242944595 0.023957204339124516 0.0266191159323607
0 0.4643704774400308 0.30311154489079917 0.026352924773037002 0.05217346722742704
0 0.5038998645995864 0.6645991392522563 0.025554351295066155 0.14480799067204173
0 0.5050977248165427 0.5187263839429203 0.024755777817095433 0.08731070025814269
0 0.4971119900368343 0.4271566251355996 0.026352924773037002 0.061756348963076635
0 0.49671270329784906 0.3307954254604543 0.025554351295066346 0.10967075764132572
0 0.5382385241523315 0.6954773137337946 0.023957204339124516 0.055367761139309975
0 0.5338463700234919 0.5788855859500552 0.026352924773037075 0.14800228458392495
0 0.5294542158946525 0.4047965677524168 0.022360057383182835 0.16610328341793015
0 0.5246627750268276 0.2940610454737967 0.023957204339124516 0.03833152694259933
0 0.5685843163152225 0.6630019922963148 0.02395720433912471 0.1458727553093361
0 0.5681850295762371 0.5293740303158644 0.03274151259680345 0.07879258315978731
0 0.5598000080575436 0.4559052703425492 0.025554351295066197 0.034072468393421575
0 0.5570050008846453 0.35422024748093167 0.027950071728978274 0.14374322603474726
0 0.6005272554340553 0.711448783293211 0.023957204339124516 0.034072468393421644
0 0.6001279686950699 0.5975189671027076 0.02315863086115371 0.15971469559416357
0 0.5937393808713033 0.47720056308843767 0.01836718999332888 0.021295292745888546
0 0.5897465134814494 0.36965933472170076 0.021561483905212172 0.1639737541433413
0 0.6312723343359318 0.6693905801200813 0.026352924773036933 0.12457746256344776
0 0.6296751873799895 0.543748352919339 0.027950071728978728 0.07346875997331519
0 0.6252830332511506 0.47933009236302654 0.02874864520694949 0.021295292745888546
0 0.6212901658612965 0.390422245148942 0.025554351295066127 0.11818887473968111
0 0.6172972984714415 0.29246389851785515 0.022360057383182766 0.05430299650201629
0 0.6640138469327355 0.7013335192389138 0.027950071728978544 0.06708017214954864
0 0.6612188397598368 0.5708998511703477 0.027151498251007468 0.15971469559416368
0 0.6528338182411437 0.42502709586101106 0.02315863086115372 0.09156975880732013
0 0.694359639095626 0.6997363722829724 0.02795007172897792 0.0745335246106097
0 0.6927624921396847 0.5868713207297634 0.02156148390521224 0.09369928808190935
0 0.6923632054006988 0.4633586228036103 0.028748645206948944 0.12138316865156443
0 0.6807838899701224 0.3531554828436373 0.027950071728978544 0.02661911593236063
