0 0.31684717282739283 0.6401875021675346 0.042164679636859145 0.19208354056791407
0 0.32255697319488424 0.46157323426139485 0.03425880220494804 0.14874761983003104
0 0.3607687141157879 0.7555547506183855 0.03689409468225179 0.038650956333787574
0 0.3612079295286717 0.68118094070337 0.03074507890187688 0.0866718414757662
0 0.3607687141157881 0.6032934074852827 0.028109786424572875 0.019911098717405748
0 0.36560008365751145 0.5576150045453522 0.018447047341125896 0.06676074275836047
0 0.3647216528317434 0.4931967439890393 0.020203908992661678 0.05270584954607393
0 0.35989028329002004 0.4445902382965488 0.021082339818429715 0.01639737541433412
0 0.3625255757673237 0.4117954874678804 0.029866648076108573 0.042164679636859145
0 0.3625255757673238 0.3257092665426265 0.028109786424572875 0.10658294019317224
0 0.39063536219189643 0.7696096438306719 0.015811754863822147 0.017568616515358
0 0.3910745776047805 0.7198318970371577 0.01669018568959018 0.07027446606143187
0 0.3906353621918966 0.6472149487736778 0.021082339818429646 0.03279475082866838
0 0.3897569313661284 0.5740123799596861 0.024596063121501324 0.07847315376859904
0 0.3866824234759402 0.5113509810549095 0.016690185689590162 0.016397375414334257
0 0.38800006971459183 0.4691863014180501 0.012298031560750973 0.0609045372532412
0 0.39283143925631525 0.4053536614122496 0.02547449394726948 0.05504833174812169
0 0.3880000697145926 0.33156547204774556 0.01756861651535793 0.0737881893645039
0 0.40996084035879027 0.7520410273153137 0.019325478166893787 0.017568616515358
0 0.41523142531339763 0.6893796284105371 0.02459606312150122 0.10072673468805221
0 0.41523142531339785 0.5611287278484242 0.019325478166893867 0.1089254223952196
0 0.43894905760913105 0.7871782603460299 0.029866648076108573 0.019911098717405765
0 0.3625255757673237 0.7912776041996133 0.03338037137918022 0.01639737541433405
0 0.4371921959575953 0.7573116122699213 0.024596063121501217 0.02810978642457272
0 0.4371921959575953 0.6999207983197518 0.01405489321228636 0.06793198385938425
0 0.4376314113704792 0.6109064746419379 0.01669018568959018 0.0866718414757662
0 0.4345569034802915 0.5224777715146359 0.012298031560750704 0.050363367344026244
0 0.4345569034802915 0.45161768490269205 0.019325478166893787 0.05856205505119334
0 0.43236082641587187 0.363774602325902 0.018447047341125823 0.096041770283957
0 0.46134904366621243 0.7210031381381813 0.014933324038054323 0.09838425248600473
0 0.4591529666017927 0.6518999131777733 0.01581175486382209 0.023424822020477336
0 0.4591529666017928 0.6185195417985931 0.01932547816689386 0.017568616515357932
0 0.46003139742756033 0.5745980005101986 0.019325478166893485 0.05621957284914538
0 0.4591529666017928 0.5224777715146359 0.01932547816689386 0.040993438535835265
0 0.4587137511889087 0.4510320643521799 0.02196077064419752 0.0831581181726946
0 0.45563924329872113 0.3866138037958674 0.019325478166893787 0.026938545323548908
0 0.45871375118890884 0.33449357480030534 0.018447047341125896 0.06324701945528875
0 0.4793568755944544 0.7901063630985895 0.024596063121501217 0.018739857616381812
0 0.48269773875946115 0.7575530920880595 0.01669018568959018 0.02810978642457286
0 0.48225852334657715 0.6421858436372087 0.021082339818429646 0.12298031560750594
0 0.4818193079336933 0.5274042157368697 0.018447047341125896 0.08550060037474232
0 0.4805016616950414 0.41672193169011423 0.015811754863822046 0.1288365211126253
0 0.5077330172938462 0.7036760014409618 0.019325478166893655 0.11478162790033891
0 0.5050977248165425 0.5783532036314079 0.017568616515357932 0.12415155670852997
0 0.5033408631650069 0.489338879953594 0.014054893212286501 0.03045226862662048
0 0.5029016477521226 0.4366330304075203 0.018447047341125643 0.05387709064709787
0 0.5029016477521229 0.3768997342553027 0.023717632295733326 0.049192126243002725
0 0.5314506495895795 0.7434981988757733 0.017568616515358 0.02810978642457272
0 0.5349643728926512 0.7089465863955692 0.02283920146996543 0.036308474131739814
0 0.5310114341766956 0.6375008792331132 0.018447047341125896 0.09252804698088546
0 0.528815357112276 0.5654695515201454 0.017568616515358074 0.02810978642457286
0 0.5274977108736241 0.5233048718832862 0.01669018568959011 0.04216467963685922
0 0.528376141699392 0.4752839867413076 0.02196077064419739 0.04919212624300248
