0 0.23086033272247292 0.5053684275841358 0.017423421337545156 0.14519517781287605
0 0.26000144753118054 0.6040702275039058 0.015817656486000756 0.028362694388690955
0 0.25672882894787036 0.5135277800323105 0.022362893652621896 0.14254072051752342
0 0.25144619448435707 0.42292825647624777 0.015272220055449068 0.03708967727751911
0 0.2492644487621501 0.35747588481003767 0.019635711499863043 0.0821790888697971
0 0.2784452977966687 0.61055838858605 0.022362893652621844 0.032726185833105034
0 0.28280878924108266 0.5534693755216332 0.02018114793041476 0.06690686881434824
0 0.2765362702897377 0.4865625067072841 0.014181347194345545 0.04218041729600309
0 0.2699910331231166 0.38729307634686627 0.02181745722207001 0.14035897479531792
0 0.3005354732340146 0.6109220128730845 0.015272220055448997 0.030544440110898064
0 0.3010809096645664 0.5360154097439773 0.014181347194345549 0.1076327889622121
0 0.295353827143773 0.45020007800383527 0.01799940220820776 0.05963438307365813
0 0.29235392677573835 0.3640211219766587 0.020726584360966527 0.10399654609186715
0 0.3234438033171881 0.5494695083642537 0.02399920294427701 0.1578129405729731
0 0.31526225685891207 0.3971109320967959 0.02072658436096646 0.13963172622124817
0 0.3447158241087068 0.53092466972549 0.019635711499862676 0.14981320625821462
0 0.349897470198948 0.6272851057896369 0.01799940220820787 0.021090208648001083
0 0.33789786872680944 0.38583857919872705 0.021272020791518208 0.11708702042510907
0 0.3730785184973973 0.5760140813177724 0.018544838638759487 0.07127036025876209
0 0.3676241541918799 0.5131070796608028 0.02072658436096646 0.02109020864800325
0 0.36407881739329306 0.4560180665963843 0.021272020791518756 0.08872432603641915
0 0.36216978988636234 0.3560213876618985 0.02399920294427719 0.09236056890676314
0 0.39571413036529485 0.5505603812253553 0.02672638509703576 0.1279957490361447
0 0.38562355640008766 0.40983778214300515 0.023999202944277 0.13744998049904103
0 0.42216779724705483 0.5556511212438394 0.022908330083173455 0.09454231462897
0 0.4145316872193295 0.45419994516121165 0.020726584360966617 0.10254204894372931
0 0.44589428197605613 0.6167400014656366 0.031089876541449755 0.02181745722207005
0 0.44807602769826266 0.5745595841696339 0.025635512235932287 0.052361897332968824
0 0.44262166339274456 0.49856210817942026 0.022362893652623343 0.0821790888697969
0 0.43880360837888327 0.39347468922645285 0.024544639374828602 0.11199628040662614
0 0.474802412795297 0.5796503241881155 0.021272020791518704 0.063997874518072
0 0.46525727526064187 0.44183671940204033 0.0196357114998623 0.18108489494318078
0 0.4977107428784725 0.6014677814101874 0.014726783624897308 0.02181745722207005
0 0.496074433586816 0.5261975539940447 0.019090275069310908 0.10981453468441836
0 0.4900746328507479 0.3934746892264531 0.0267263850970356 0.1323592404805581
0 0.5211645093921964 0.5331064154476999 0.02672638509703541 0.14108622336938545
0 0.5181646090241624 0.37929334203210685 0.025090075805379877 0.14908595768414476
0 0.5541634134405786 0.6058312728546015 0.03599880441641545 0.027635445814621917
0 0.5538906952253028 0.546560514067978 0.031089876541449825 0.08508808316607308
0 0.5536179770100247 0.45783618803155757 0.03381705869420827 0.08363358601793518
0 0.5563451591627855 0.3556577633748651 0.03272618583310519 0.11199628040662614
0 0.5838896989056491 0.5338336640217705 0.019090275069311248 0.13090474333242008
0 0.5838896989056485 0.3832932091894869 0.02018114793041469 0.15272220055449068
0 0.6062525925582708 0.5963770413917046 0.0158176564860009 0.026180948666483985
0 0.6092524929263051 0.5392880283272876 0.023999202944277 0.07781559742538322
0 0.6087070564957533 0.44874558085569716 0.023999202944277084 0.09599681177710838
0 0.6108888022179605 0.34802165334714025 0.029453567249794595 0.09963305464745305
0 0.6346152869469603 0.5378335311791473 0.02236289365262354 0.11126903183255721
0 0.6392514966066515 0.3832932091894861 0.02181745722206951 0.17017616633214622
0 0.6501602252176856 0.5996496599750146 0.02290833008317349 0.022544705796138206
0 0.6558873077384798 0.5651053527067371 0.015817656486000704 0.03781692585158811
0 0.6607962356134458 0.47819914810549136 0.016908529347104035 0.1112690318325571
0 0.6621598266898243 0.3905656949301763 0.01854483863875962 0.05381639448110524
0 0.664614290627308 0.328022317560243 0.023453766513725327 0.05963438307365809
0 0.7186124972519318 0.5392880283272858 0.01799940220820797 0.11272352898069393
0 0.719976088328311 0.4596543094667323 0.021817457222070118 0.03199893725903607
0 0.7216123976199661 0.4142012735874198 0.025090075805380536 0.04436216301820906
0 0.7218851158352418 0.3687482377081072 0.023453766513725327 0.029089942962760063
0 0.7464297552100709 0.3178408375232772 0.06381606237455471 0.06108888022179613
