0 0.2157078418423888 0.5494695550700489 0.024755777817095356 0.15758516631957484
0 0.24285934009339663 0.7853149222307643 0.03114436564086187 0.03087817448153828
0 0.24725149422223613 0.7539043654305781 0.035137233030716 0.025554351295065593
0 0.2492479279171632 0.6724498706775551 0.029547218684920225 0.12670699183803655
0 0.25204293509006104 0.5244475860936304 0.031942939118832746 0.1501318138585139
0 0.27919443334106864 0.7139756915320347 0.022360057383182908 0.12244793328885864
0 0.28119086703599594 0.5936572875177678 0.021561483905212134 0.10328216981755908
0 0.2835865874699084 0.4775979420526755 0.023158630861153783 0.12031840401426991
0 0.3043494978971495 0.6953423103793844 0.021561483905212165 0.18526904688922996
0 0.3020216024833762 0.5404190556530457 0.0246201277768171 0.11180028691591462
0 0.3259109818023618 0.7528396007932835 0.015172896081445519 0.06814493678684164
0 0.3267095552803325 0.7017308982031506 0.01996433694927053 0.021295292745887037
0 0.3319002828871429 0.6378450199654866 0.025554351295066235 0.10008787590567586
0 0.3295045624532299 0.5159294689952727 0.023957204339124273 0.13309557966180208
0 0.35776091813092664 0.7801261023987013 0.036734379986657684 0.033007703756127285
0 0.3593580650868683 0.7039954308321497 0.027151498251007863 0.11286505155320911
0 0.36015663856483904 0.5927275262348826 0.020762910427241224 0.10328216981755929
0 0.360156638564839 0.48145962163761524 0.025554351295066127 0.1043469344548535
0 0.3901031439887448 0.716772606479683 0.0231586308611538 0.12990128574991971
0 0.3901031439887447 0.6166847305740067 0.026352924773037075 0.04897917331554336
0 0.3873081368158467 0.5123377961191515 0.020762910427241533 0.14267846139745272
0 0.4188517891956942 0.7417945754561017 0.02475577781709532 0.07346875997331523
0 0.41645606876178154 0.6587429337471338 0.018367189993328762 0.07772781852248864
0 0.41645606876178176 0.5442807352379859 0.01996433694927056 0.14267846139745274
0 0.4487982946195992 0.7386002815442175 0.028748645206949863 0.09689358199379307
0 0.44919758135858523 0.6677934331641393 0.027950071728978686 0.03620199766801036
0 0.4460032874467019 0.6161523482553599 0.02475577781709539 0.05217346722742668
0 0.44201042005684754 0.5293740303158629 0.021561483905212415 0.1171241101023867
0 0.4895255419961115 0.7763994261681708 0.03034579216289103 0.03620199766801051
0 0.4871298215621988 0.6496924343301324 0.03034579216289133 0.2044348103605279
0 0.5206699076369734 0.563978881027933 0.02715149825100795 0.0947640527192037
0 0.5494185528439215 0.7306145467645087 0.019165763471299366 0.0766630538851957
0 0.5218677678539294 0.690685872865968 0.02795007172897903 0.14161369676015836
0 0.5470228324100102 0.6214761714418319 0.020762910427241224 0.12457746256344754
0 0.5474221191489959 0.47666818076979034 0.0215614839052121 0.14587275530933624
0 0.5737750439220328 0.7258231058966856 0.02156148390521203 0.07346875997331523
0 0.5685843163152224 0.6305266708588347 0.019165763471299613 0.0915697588073204
0 0.5703954379828695 0.5134025607564476 0.021932107959772195 0.10221740518026481
0 0.6073151299968071 0.7790613377614067 0.021561483905212172 0.03087817448153842
0 0.6089122769527489 0.7417945754561021 0.02315863086115371 0.022360057383182978
0 0.6033222626069531 0.6592753160657839 0.02475577781709523 0.11499458082779786
0 0.6145022912985437 0.5442807352379853 0.02475577781709637 0.08092211243437566
0 0.6400566425936107 0.7561688980595767 0.016770043037387054 0.025554351295066054
0 0.6380602088986836 0.6720524917133173 0.023957204339124516 0.1107355222786201
0 0.6348659149868005 0.5581226755228138 0.017568616515358074 0.10434693445485366
0 0.6680067143225895 0.7258231058966856 0.019964336949270346 0.09689358199379257
0 0.6640138469327351 0.6001808786959438 0.026352924773036572 0.1203184040142697
0 0.6955574993125828 0.6997363722829724 0.025554351295066197 0.15119657849580834
0 0.6863739043159179 0.5320359419090993 0.02315863086115365 0.15864993095686755
0 0.7179175566957653 0.683764902723556 0.019165763471299172 0.16397375414334164
0 0.48992482873509696 0.5011577674275621 0.01677004303738727 0.0862459356208484
