0 0.28638159464280605 0.7597605709356985 0.03833152694259925 0.024489586657771872
0 0.28877731507671867 0.6815003700945581 0.025554351295066235 0.11925363937697554
0 0.28238872725295205 0.5058142049409782 0.03034579216289107 0.16823281269251913
0 0.28159015377498114 0.3642005081808194 0.027151498251007794 0.1022174051802652
0 0.28518373442585004 0.29019936588885714 0.024755777817095356 0.039396291579893654
0 0.3243138348464201 0.7421919544203402 0.023158630861153745 0.07453352461060987
0 0.32191811441250806 0.646363137063842 0.023158630861153832 0.10221740518026527
0 0.3211195409345366 0.5798153472329404 0.024755777817095325 0.02236005738318324
0 0.32391454810743453 0.5303037915987499 0.027151498251007808 0.06388587823766549
0 0.3207202541955514 0.4472521498897845 0.027151498251007742 0.0766630538851985
0 0.320320967456566 0.34663189166546166 0.031144365640861905 0.11605934546509221
0 0.3606489280940923 0.7145080738506852 0.02715149825100788 0.14267846139745288
0 0.3566560607042384 0.5388219086971051 0.027151498251007863 0.1575851663195747
0 0.35346176679235497 0.404661564398008 0.031942939118832774 0.07666305388519862
0 0.35545820048728205 0.3114946586347455 0.02795007172897868 0.09263452344461537
0 0.3933904406908961 0.6815003700945581 0.03034579216289133 0.21082339818429613
0 0.39179329373495436 0.4861160591510311 0.02874864520694949 0.11180028691591445
0 0.4321212543724805 0.7283500141355128 0.03593580650868679 0.08731070025814228
0 0.4285276737216118 0.5601172014429937 0.03194293911883278 0.20656433963511836
0 0.42653124002668485 0.3908196241131796 0.029547218684920294 0.1022174051802638
0 0.47125135479305075 0.703860427477741 0.02954721868492027 0.15545563704498605
0 0.4660606271862403 0.560649583761641 0.022360057383182905 0.10328216981755915
0 0.4640641934913134 0.4302159156930739 0.0343386595527452 0.09795834663108699
0 0.46007132610145923 0.31096227631609835 0.031144365640862048 0.12351269792615323
0 0.5035935806508683 0.6905508695115604 0.028748645206949103 0.1607794602314582
0 0.5011978602169563 0.4951665585680338 0.02874864520694942 0.17462140051628558
0 0.49760427956608744 0.3386461568857539 0.027950071728978426 0.10434693445485353
0 0.5379322402036137 0.6676584298097303 0.03354008607477432 0.20443481036052938
0 0.5379322402036139 0.44725214988978496 0.033540086074774406 0.14906704922121924
0 0.535137233030716 0.30084701226180144 0.03593580650868688 0.11818887473968108
0 0.5786594875801256 0.7038604274777414 0.025554351295066193 0.09156975880732056
0 0.5750659069292563 0.593657287517768 0.03114436564086175 0.09689358199379272
