0 0.0312666939164106 0.046191448054522084 0.04345540510416389 0.046191448054522084
0 0.15050408597051868 0.048356672182077676 0.16534251698169677 0.025982689530668564
0 0.25702282287218886 0.050882766997559496 0.015898318940547787 0.01226960338948243
0 0.30365789176446234 0.04871754287000373 0.0625333878328212 0.02670443090652056
0 0.35771217616232454 0.047995801494151814 0.04133562924542403 0.025260948154816738
0 0.4827789518279671 0.04907841355792972 0.18124083592224452 0.02742617228237248
0 0.6396381040142507 0.0472740601182999 0.1165876722306836 0.028147913658224364
0 0.8267083235480267 0.04258274117526245 0.22999568067325663 0.03320010328918775
0 0.08373114642021821 0.07830893927993197 0.1123481205132042 0.013713086141186236
0 0.20349848243901136 0.08119590478333956 0.08479103434958796 0.031034879161631987
0 0.277160693530216 0.07866980996785791 0.022257646516766972 0.012991344765334329
0 0.36354155977385877 0.08083503409541368 0.10174924121950585 0.02309572402726106
0 0.4764196242517474 0.07794806859200584 0.07525204298525978 0.02742617228237246
0 0.5506117793076375 0.07361762033689458 0.032856525810465345 0.015878310268741966
0 0.69899182805896 0.07506110308859835 0.2480137754725447 0.024539206778964828
0 0.8505558019588509 0.06784368933007932 0.021197758587397003 0.011547862013630521
0 0.9061999182507673 0.06964804276970904 0.0688927154090402 0.016600051644593872
0 0.1081085687957248 0.10573511156230449 0.16534251698169677 0.012269603389482438
0 0.2612623745896682 0.10934381844156395 0.1324859911712313 0.020930499899705315
0 0.4091167407367619 0.10068292193134099 0.13354587910060117 0.023817465403112862
0 0.5336535724377199 0.09960030986756326 0.0625333878328211 0.012991344765334353
0 0.6025462878467603 0.09887856849171137 0.030736749951725813 0.014434827517038168
0 0.6952822203061677 0.09635247367622966 0.12824643945375194 0.010826120637778587
0 0.8161094442543302 0.09490899092452575 0.07737181884399918 0.012269603389482462
0 0.8993106467098643 0.09238289610904411 0.07631193091462922 0.018765275772149564
0 0.08532097831427295 0.13352215453260294 0.1452046463236695 0.025982689530668724
0 0.19607926693342242 0.13352215453260294 0.04027574131605434 0.011547862013630504
0 0.27451097370679134 0.13135693040504698 0.09327013778454683 0.015878310268741962
0 0.4244851157126237 0.13388302522052867 0.17488150834602428 0.02670443090652066
0 0.6322231498691147 0.12810909421371353 0.20667814622712044 0.02381746540311301
0 0.813459724430906 0.12053080976726857 0.10386901707824549 0.014434827517038168
0 0.049284788715698066 0.15733961993571588 0.05193450853912268 0.0173217930204458
0 0.14308487046492988 0.164196163006309 0.09115036192580718 0.022373982651409108
0 0.21992674534424406 0.1656396457580128 0.028616974092985997 0.023817465403112942
0 0.27822058145958584 0.1595048440632716 0.049814732680383 0.011547862013630521
0 0.40434724505459746 0.15661787855986364 0.16216285319358595 0.02020875852385342
0 0.525704412967446 0.15445265443230816 0.03391641373983518 0.01587831026874197
0 0.6200344386813609 0.14976133548927067 0.09962946536076571 0.019487017148001426
0 0.7591977238076194 0.14673002171069155 0.136301587716967 0.021940937825897712
0 0.8927393415477709 0.14885915876945596 0.10959241189684263 0.02461138091655007
0 0.05712795939303497 0.18537927238756247 0.06295734300456915 0.015084394755304835
0 0.14281989848258742 0.19014276546818507 0.07111848006071703 0.021435718862801708
0 0.22035070051599198 0.18855493444131088 0.03963980855843243 0.010320901674682262
0 0.33460661930206087 0.1873640611711549 0.15156397389988827 0.030168789510609285
0 0.4570236751442798 0.18101273706365845 0.04896682233688715 0.01587831026874195
0 0.5724454706526565 0.17624924398303585 0.13290994634297937 0.022229634376238785
0 0.7315876432475393 0.17307358192928737 0.1270805627314447 0.025405296429987165
0 0.8839952661304696 0.17188270865913183 0.10143127484069467 0.01826005680905325
0 0.1573933575114225 0.21634197741160918 0.25182937201827604 0.03572619810466979
0 0.3118720232170784 0.21554806189817208 0.03614217839151162 0.02143571886280161
0 0.3754123045828011 0.2119754420877052 0.055962082670728115 0.014290479241867746
0 0.5135686961761593 0.21316631535786054 0.17138387817910378 0.02619921194342466
0 0.6307393067679977 0.20324237143989696 0.04430331544765967 0.022229634376238826
0 0.7076871704402479 0.2111815265742677 0.08394312400609176 0.025405296429987657
0 0.8277724728378536 0.20840282227723833 0.14456871356604778 0.02619921194342428
0 0.10434596664646183 0.24531989365206341 0.15972511095603656 0.02222963437623882
0 0.28797155040978806 0.24015944281472215 0.15156397389988846 0.019847887835927107
0 0.47567770270118787 0.24333510486847032 0.17721326179063837 0.024611380916550584
0 0.6493933343249043 0.2377776962744088 0.153895727344506 0.02778704297029853
0 0.7741421436117392 0.2322202876803513 0.06528909644918286 0.015084394755304799
0 0.8694218071016322 0.23222028768035038 0.1049289050076183 0.021435718862801552
0 0.0483838839757337 0.2683434435417393 0.04546919216996661 0.01746614129561614
0 0.14456871356604764 0.27270997886564324 0.10726065845222889 0.0214357188628017
0 0.3177014068286119 0.2723130211089243 0.21102368673753674 0.03175662053748416
0 0.4978293604250182 0.26437386597455304 0.12358293256452618 0.01587831026874186
0 0.601009450349174 0.26159516167752395 0.04080568528073925 0.01349656372843068
0 0.7216776911079313 0.2600073306506496 0.15622748078911605 0.016672225782178977
0 0.07636492531109777 0.293748739971726 0.09210426106224007 0.01746614129561612
0 0.16613743292872393 0.2945426554851634 0.031478671502284526 0.01905397232249057
0 0.3241137288012988 0.29970310632250213 0.24716586512904956 0.027787042970298725
0 0.5175572688137364 0.2875703499635559 0.07620475123637832 0.023063286212615993
0 0.641919189234215 0.28648925842233947 0.12806631805002464 0.019459647741894782
0 0.8329602669865243 0.2846874391869788 0.2095630659000406 0.01873892004775053
0 0.05662436376592 0.3218049154354075 0.06456235868637604 0.016576736965317702
0 0.18469068181594445 0.3261292816002731 0.16193509637730374 0.026666924683337707
0 0.3646185666796146 0.32144455158833346 0.174635888250034 0.024504741600904215
0 0.5651852383364723 0.32000309620004685 0.19051187809094577 0.02306328621261662
0 0.747229921845599 0.31387691079982105 0.1270079187272974 0.01945964774189477
0 0.8657706459910763 0.308471453093739 0.07197115394546841 0.02018037543603897
0 0.9250410080638153 0.3073903615525228 0.023284785100004514 0.02090110313018329
0 0.07620475123637833 0.34919256781288915 0.0762047512363783 0.018018192353606317
0 0.16934389163639618 0.34847184011874405 0.0656207580091037 0.012252370800452274
0 0.2630122316977777 0.3531565701306824 0.08361354649547037 0.025946196989193183
0 0.35985576972734235 0.35063402320117787 0.08043834852728825 0.02378401390676025
0 0.5022104786341868 0.343426746259735 0.15558470044093853 0.0194596477418947
0 0.6530323821228535 0.34162492702437475 0.10795673091820263 0.017297464659462067
0 0.7689271079615119 0.3409041993302303 0.10901513024093003 0.02450474160090474
0 0.8959350266888098 0.33910238009486987 0.12806631805002483 0.03243274623649128
0 0.09472673938410925 0.3751387648020824 0.11959912346820496 0.01801819235360618
0 0.25719103542277644 0.37802167557865884 0.173577488927306 0.028108380071625225
0 0.501681278972823 0.3744180371079362 0.2709502266182344 0.025225469295048274
0 0.7504051198137808 0.3722558540255052 0.19051187809094583 0.030991290848202572
0 0.9012270233024458 0.3700936709430721 0.11324872753183955 0.026666924683337475
0 0.07408795259092343 0.40144532563834756 0.10795673091820271 0.023063286212616062
0 0.30852340257505967 0.4010849617912754 0.07726315055910582 0.022342558518471733
0 0.3841989541500743 0.40036423409713107 0.03175197968182438 0.010810915412163738
0 0.46410810301599886 0.40036423409713107 0.10054793565911041 0.012252370800452255
0 0.6292183973614853 0.3964002317793377 0.18098628418639848 0.020180375436039028
0 0.8546574531024379 0.39135513792032794 0.22332225709549774 0.020180375436039028
0 0.0666791573318311 0.42919334186290115 0.09102234175456309 0.01945964774189477
0 0.15082190348866553 0.43279698033362235 0.039160774940916666 0.022342558518471663
0 0.2868262164591464 0.4309951610982617 0.19686227402731082 0.025946196989192954
0 0.4937432840523682 0.4295537057099733 0.1577014990863942 0.030270563154058506
0 0.6339811943137588 0.426670794933396 0.09525593904547298 0.028829107765769964
0 0.8329602669865247 0.42558970339217994 0.26459983068186943 0.026666924683337284
0 0.0423359729090991 0.463067543487681 0.033868778327279275 0.025225469295048767
0 0.1614058967159403 0.4627071796406088 0.15981829773184908 0.02450474160090451
0 0.3371001842887014 0.4583828134757427 0.14711750585911906 0.021621830824327438
0 0.47363369692054613 0.45549990269916607 0.08996394243183561 0.017297464659462053
0 0.5424296528978322 0.451896264228445 0.0264599830681869 0.01585600927117362
0 0.6398023905887601 0.4547791750050203 0.161935096377304 0.024504741600904413
0 0.7541095174433277 0.4482926257577238 0.04127757358637183 0.011531643106308068
0 0.8276682703728874 0.4472115342165074 0.07620475123637846 0.018018192353606396
0 0.9144570148365405 0.4475718980635795 0.0571535634272837 0.018738920047750584
0 0.163522695361395 0.4843290104649355 0.2741254245864162 0.02594619698919343
0 0.43553132130235694 0.47784246121763807 0.22332225709549774 0.02018037543603896
0 0.6593827780592179 0.47748209737056513 0.16299349570003108 0.018018192353606213
0 0.859949449716073 0.4735180950527723 0.1598182977318486 0.021621830824328014
0 0.0793799492045608 0.5109959351482736 0.09948953633638286 0.015856009271173546
0 0.24078584592050079 0.5117166628424176 0.16616869366821377 0.023063286212616593
0 0.44664451419099466 0.5095544797599846 0.1989790726727654 0.021621830824327767
0 0.6551491807683065 0.5070319328304803 0.17146069028185087 0.022342558518471774
0 0.86524144632971 0.5041490220539027 0.212738263868222 0.02810838007162618
0 0.08149674785001565 0.5437890452318349 0.10372313362729278 0.029549835459914568
0 0.20003747199549304 0.5365817682903925 0.07832154988183361 0.023784013906760184
0 0.3106402012205141 0.5369421321374643 0.07302955326819698 0.01873892004775043
0 0.44346931622281305 0.5383835875257551 0.17146069028185137 0.027387652377481402
0 0.6329227949910314 0.5376628598316102 0.18204468350912606 0.023063286212615962
0 0.8610078490388026 0.5318970382784562 0.2360230489682268 0.028829107765769947
0 0.11589472583865854 0.570095606068101 0.16405189502275866 0.024504741600904132
0 0.30376060562278595 0.567573059138597 0.17992788486367128 0.026666924683337142
0 0.5000936799887323 0.5643297845149479 0.18945347876821805 0.023063286212615705
0 0.6831967628205835 0.5614468737383665 0.13653351263184627 0.023063286212616246
0 0.7890366950933344 0.5571225075735056 0.06244556004092118 0.01585600927117362
0 0.9028146222865375 0.5589243268088658 0.12700791872729716 0.02378401390675994
0 0.1285955177113885 0.5978436222926558 0.17886948554094367 0.02522546929504884
0 0.3471549778546126 0.5902759815041411 0.19897907267276577 0.015856009271173477
0 0.4926848847296407 0.587032706880492 0.02010958713182205 0.01945964774189484
0 0.6096380098910271 0.5917174368924296 0.16511029434548655 0.030270563154058506
0 0.773160705252421 0.579465066091974 0.1238327207591173 0.02594619698919292
0 0.9086358185615383 0.5834290684097703 0.10689833159547524 0.01657673696531854
0 0.06826675631592229 0.6237898192818487 0.08149674785001576 0.015135281577029147
0 0.1534679017954842 0.6219880000464879 0.05291996613637385 0.012973098494596507
0 0.24237344490459192 0.6245105469759927 0.09102234175456292 0.026666924683337374
0 0.3773193585523453 0.6216276361994154 0.13441671398638955 0.025225469295049926
0 0.48104249217963846 0.6237898192818488 0.03704397629546165 0.025225469295048767
0 0.5482508491728333 0.6158618146462621 0.07197115394546832 0.016576736965317664
0 0.7160071418251366 0.617663633881619 0.2085046665773143 0.030270563154057895
0 0.8583618507319842 0.6115374484813966 0.0402191742636441 0.010810915412163738
0 0.9171030131433592 0.6180239977286948 0.05609516410455626 0.026666924683337073
0 0.0793799492045608 0.650096380118114 0.093139140400018 0.0201803754360391
0 0.20109587131822063 0.6562225655183401 0.1079567309182027 0.03243274623649129
0 0.3577389710818864 0.643970194717884 0.11642392550002413 0.018018192353606077
0 0.5434880522205597 0.6475738331886092 0.23178945167731768 0.025225469295048767
0 0.7070107475819539 0.6443305585649597 0.07408795259092323 0.01873892004775048
0 0.8287266696956144 0.6432494670237433 0.13335831466366224 0.022342558518472146
0 0.9388001992592724 0.6410872839413108 0.027518382390914267 0.012252370800452186
0 0.12224512177502307 0.6832498540487384 0.15558470044093947 0.030270563154059408
0 0.4487613128364502 0.6706371194012245 0.025401583745459404 0.019459647741894747
0 0.5075024752478253 0.6720785747895134 0.02645998306818679 0.02090110313018313
0 0.6339811943137572 0.674961485566087 0.18839507944549186 0.023784013906761197
0 0.79750388967515 0.6738803940248701 0.0963143383682051 0.02738765237748244
0 0.9229242094183576 0.6695560278600048 0.12700791872729933 0.03171201854234748
0 0.07250035360683216 0.7091960510379397 0.11324872753184016 0.017297464659461862
0 0.167756292652305 0.7073942318025814 0.0306935803590968 0.020901103130183795
0 0.3344541859818828 0.7099167787320867 0.3005854076546036 0.030270563154058436
0 0.5673020369819273 0.7019887740964995 0.11430712685456747 0.017297464659462965
0 0.6890179590955878 0.6980247717787066 0.09102234175456303 0.016576736965317876
0 0.8303142686797051 0.7034302294847883 0.16828549231366854 0.025946196989193468
0 0.9610265850365497 0.7019887740964998 0.06350395936364864 0.025946196989193437
0 0.06879595597728594 0.7376551193314921 0.06985435530001341 0.03315347393063628
0 0.23178945167731674 0.7358533000961286 0.22438065641822566 0.03531565701306879
0 0.42124293044553524 0.7354929362490595 0.12065752279093228 0.023063286212616538
0 0.5339624583160123 0.7282856593076175 0.05821196275001114 0.017297464659461925
0 0.5964080183569335 0.7286460231546896 0.02434318442273195 0.016576736965317595
0 0.6996019523228625 0.7340514808607717 0.1672270929909415 0.028829107765770204
0 0.8588910503933479 0.7282856593076175 0.1217159221136599 0.011531643106308139
0 0.1719898899432151 0.7632409524736136 0.2762422232318717 0.018018192353606112
0 0.4434693162228116 0.7592769501558198 0.2391982469364093 0.027387652377482863
0 0.5937620200501148 0.7571147670733874 0.03175197968182431 0.015856009271173546
0 0.7763359032206022 0.7574751309204593 0.3058774042682402 0.030991290848202922
0 0.07250035360683221 0.792790787933528 0.09631433836820044 0.010810915412163667
0 0.18680748046139964 0.7942322433218162 0.08149674785001575 0.016576736965317775
0 0.32334099309324343 0.794232243321812 0.13229991534093508 0.02810838007162627
0 0.47627969522736485 0.7834213279096527 0.1270079187272974 0.022342558518471948
0 0.644565187541033 0.7859438748391574 0.15452630111821158 0.017297464659461994
0 0.7848030978024246 0.7899078771569509 0.1217159221136599 0.03243274623649128
0 0.9245118084024516 0.7852231471450133 0.13865031127729963 0.021621830824327476
0 0.07779235022046935 0.8248631703229458 0.0666791573318309 0.023063286212618325
0 0.24501944321141056 0.818376621075646 0.21908865980458722 0.01585600927117445
0 0.4011333433137139 0.8147729826049275 0.05080316749091885 0.011531643106307997
0 0.512794471861462 0.8190973487697926 0.12594951940456953 0.028829107765770766
0 0.6773755665455832 0.8151333464519905 0.15664309976366692 0.02378401390676085
0 0.8721210419274387 0.8169351656873541 0.18416148215458267 0.02306328621261733
0 0.17410668858867007 0.8414399072882648 0.26142463271368693 0.018738920047750584
0 0.4582869067409977 0.8418002711353368 0.2645998306818693 0.022342558518471663
0 0.6440359878796701 0.8353137218880385 0.043394372231826565 0.018018192353606112
0 0.7541095174433249 0.8371155411233978 0.12594951940456944 0.02306328621261557
0 0.8969934260115372 0.8385569965116878 0.1386503112772995 0.018738920047750584
0 0.11430712685456744 0.8709897427481786 0.13759191195457193 0.03171201854234796
0 0.23073105235459007 0.8666653765833136 0.02963518103636936 0.01441455388288503
0 0.3312789880137004 0.864863557347953 0.11007352956365768 0.015135281577029218
0 0.500093679988733 0.8630617381125922 0.16828549231366885 0.018738920047750584
0 0.6503863838160339 0.864142829653808 0.10266473430456526 0.02234255851847299
0 0.7451131232001437 0.8608995550301586 0.04233597290909935 0.01729746465946206
0 0.8821758354933509 0.8612599188772316 0.20427106928640262 0.026666924683337284
0 0.1550555007795752 0.8998188505139487 0.16193509637730383 0.030270563154059193
0 0.2640706310205056 0.8954944843490835 0.041277573586371616 0.017297464659461925
0 0.3111694008818784 0.8958548481961557 0.038102375618189264 0.01513528157702936
0 0.4027209422978049 0.8933323012666508 0.1111319288863851 0.021621830824327056
0 0.5011520793114606 0.8926115735725065 0.06456235868637612 0.017297464659461925
0 0.654619981106943 0.8940530289607943 0.20427106928640285 0.037477840095501994
0 0.881646635831988 0.8908097543371456 0.21803026048186028 0.03387420162478008
0 0.04551117087728073 0.9254046836560488 0.0254015837454591 0.01801819235361079
0 0.09260994073865424 0.9322515967504386 0.04974476816819147 0.036036384707212314
0 0.1862782808000353 0.9264857751972735 0.1143071268545681 0.030270563154058582
0 0.3699105632932519 0.9275668667384886 0.24025664625913748 0.032432746236490936
0 0.5784152298705656 0.926485775197283 0.1534679017954856 0.02738765237748159
0 0.718123940470592 0.9257650475031417 0.08573034514092549 0.028829107765770464
0 0.8737086409115326 0.9192784982558438 0.18521988147730842 0.027387652377481544
0 0.11271952787047607 0.9585581575867046 0.14711750585911904 0.02234255851847328
0 0.2608954330523232 0.9553148829630564 0.12806631805002477 0.027387652377481544
0 0.3656769660023434 0.95423379142184 0.03704397629546172 0.012252370800452326
0 0.5170280691523728 0.9499094252569745 0.2212054584500428 0.018018192353606112
0 0.7006603516455898 0.9477472421745412 0.11642392550002229 0.023784013906760316
0 0.8049126849342462 0.9481076060216129 0.08361354649547006 0.012973098494596647
0 0.9171030131433591 0.9437832398567484 0.09843113701365538 0.0187389200477503
0 0.07091275462274096 0.9863061738112581 0.046569570200008945 0.020180375436039087
0 0.15029270382730173 0.9834232630346819 0.07620475123637835 0.023063286212616444
0 0.3021730066386944 0.9812610799522485 0.1534679017954839 0.03459492931892435
0 0.32175339410915277 0.6778347207175197 0.1926286767364006 0.02306328621261622
