0 0.40644237098441427 0.08681165075967497 0.138475814301582 0.042018424568609804
0 0.505806695750435 0.08601885029611629 0.028540816688112258 0.02140561251608424
0 0.5570744590605612 0.09632525632237897 0.05285336423724484 0.032504819005905856
0 0.6458681109791341 0.08681165075967487 0.10359259390500009 0.03091921807878833
0 0.4925933546911237 0.1351724790367542 0.1437611507253065 0.03250481900590572
0 0.24841081191505168 0.16807369827443921 0.02536961483387767 0.02378401390676025
0 0.2918662696759803 0.16600492280075177 0.04627956235599999 0.03233127037632395
0 0.3879325050565626 0.1723138080687497 0.12490447391630888 0.030323629505693485
0 0.5077830407219227 0.16635738084441726 0.10324473855509965 0.027074669201511983
0 0.5922560086306401 0.16689887422844726 0.032489603041814516 0.017327788288967732
0 0.6326875146382315 0.1606717003120995 0.02815765596957263 0.02545018904942131
0 0.7023596633834565 0.17123082130068926 0.10829867680604811 0.028157655969572475
0 0.7911645783644151 0.16500364738434148 0.06064725901138713 0.022201228745239682
0 0.23198241045585327 0.19505653019801983 0.04837340897336816 0.02165973536120962
0 0.30706949304138 0.20020071734630712 0.09169287969578747 0.029782136121663215
0 0.500563128934853 0.19776399711817136 0.24475500958166854 0.03573856334599577
0 0.6951397515963859 0.19722250373414077 0.12273850038018766 0.03465557657793527
0 0.8509088215970084 0.19207831658585345 0.169667926996141 0.03194810965778415
0 0.3169963449431898 0.269782617194193 0.10974265916346213 0.02924064273763296
0 0.38919546281388845 0.2716778440382989 0.011551858859311821 0.016786294904937514
0 0.42998796441083337 0.2689703771181477 0.04259747954371221 0.01353733460075599
0 0.529261751483044 0.2724900841143446 0.11840655330794599 0.019493761825087826
0 0.2725938874527101 0.2992940066238412 0.025269691254744632 0.014620321368816523
0 0.39605437901160484 0.29658653970369 0.1927716447147656 0.01786928167299795
0 0.509406994068602 0.2936083260915236 0.026713673612158643 0.017327788288967697
0 0.5758301825096449 0.2946913128595841 0.10324473855509929 0.014078827984786279
0 0.30508349049452443 0.31932926183296007 0.09169287969578743 0.022201228745239908
0 0.36428676714849745 0.3217659820610962 0.013717832395432766 0.011912854448665229
0 0.3971373657796654 0.31960000852497517 0.04620743543724714 0.020576748593149077
0 0.44767674828915444 0.32257822213714155 0.044763453079833156 0.01570330813687708
0 0.34082205384052033 0.35127737149074434 0.15161814752846728 0.021118241977179167
0 0.4382908629659637 0.3504651314146989 0.014439823574139787 0.012995841216725803
0 0.5205978573385603 0.3466746777264872 0.13573434159691375 0.0119128544486653
0 0.276203843346245 0.37347860023598417 0.026713673612158643 0.016786294904937406
0 0.35020793916371135 0.3780812940002416 0.11118664152087611 0.017327788288967236
0 0.44081783209143816 0.37537382708009004 0.04837340897336816 0.015161814752846751
0 0.5195148705705007 0.3767275605401653 0.09169287969578578 0.021118241977179042
0 0.5862990546008962 0.3721248667759085 0.030323629505693638 0.010829867680604746
0 0.33757309353633913 0.40353148304966424 0.1552281034220018 0.03140661627375138
0 0.43431991148307536 0.40407297643369267 0.033933585399228104 0.024908695665391094
0 0.48485929399256433 0.39811654920936007 0.04692942661595417 0.010829867680604722
0 0.552004473612314 0.4000117760534661 0.07580907376423367 0.021118241977179358
0 0.26862293596982156 0.4343966059393863 0.03609955893534938 0.029240642737633066
0 0.3819755510268186 0.4289816720990838 0.14873018281363895 0.029240642737633063
0 0.5556144295058492 0.42816943202303853 0.14656420927751862 0.027616162585541944
0 0.2946146184032731 0.4530781276884295 0.0707551355132848 0.01570330813687704
0 0.34768097003823667 0.45064140746029335 0.01227385003801885 0.015161814752846751
0 0.4029132952093213 0.44982916738424805 0.08519495908742457 0.01678629490493748
0 0.5187928793917923 0.4552441012245505 0.11624057977182498 0.020035255209118676
0 0.5935189663879661 0.45064140746029335 0.021659735361209666 0.010829867680604864
0 0.271871896274003 0.47717458327777523 0.025269691254744587 0.018410775057028275
0 0.3083324507987059 0.4769038365857601 0.037543541292763404 0.01137136106463494
0 0.4094112158176842 0.4771745832777753 0.1184065533079459 0.011912854448665229
0 0.5512824824336073 0.4815065303500171 0.16677996228131406 0.018410775057028202
0 0.2707889095059426 0.5007295454830907 0.02454770007603759 0.009205387528513995
0 0.3559838685933668 0.5042492524792872 0.12418248273760175 0.020576748593149074
0 0.4964111528518761 0.5020832789431665 0.13934429749044852 0.020576748593148893
0 0.31122041551353374 0.5256382411484819 0.09819080030415024 0.024367202281360568
0 0.45706263361234534 0.5275334679925876 0.11263062387829002 0.028157655969572416
0 0.5548924383271421 0.5226600275363156 0.06136925019009389 0.014078827984786244
0 0.3155523625857758 0.5475687232017065 0.10541071209122023 0.015161814752846822
0 0.391722431939363 0.5483809632777519 0.010829867680604793 0.01570330813687697
0 0.4780003777948483 0.5521714169659636 0.13862230631174158 0.02328421551330034
0 0.5982119090495613 0.5516299235819334 0.08880491498095947 0.02761616258554183
0 0.31988430965801773 0.5754556324792639 0.12851442980984382 0.017869281672997915
0 0.5455065530039513 0.5751848857872488 0.21009943300373343 0.020576748593149077
0 0.3245772523196132 0.604967021908912 0.10035677384027132 0.024908695665391035
0 0.46067258950588086 0.6022595549887608 0.13284637688208586 0.02274272212927003
0 0.5678882795438684 0.5987398479925639 0.057037303117852794 0.014620321368816526
0 0.6288965341446084 0.6017180616047306 0.053427347224317 0.01949376182508871
0 0.6960417137643583 0.5952201409963678 0.06931115315587079 0.02274272212927009
0 0.2812577815971939 0.6239192903499705 0.03393358539922847 0.012995841216725878
0 0.37944858190134406 0.6244607837340009 0.1480081916349324 0.018410775057028216
0 0.5011040955134711 0.6279804907301976 0.07797504730035473 0.02003525520911869
0 0.625647573840427 0.6225655568898949 0.14656420927751854 0.01678629490493755
0 0.7227553873765169 0.6277097440381821 0.04187548836500511 0.021659735361209586
0 0.8075893508745889 0.6241900370419854 0.10035677384027128 0.023284215513300795
0 0.31013742874547345 0.6547844132396945 0.0786970384790616 0.023825708897330204
0 0.4415398232701457 0.653430679779619 0.14945217399234648 0.030865122889723703
0 0.5798011339925334 0.6547844132396945 0.09819080030415027 0.030323629505692912
0 0.31988430965801773 0.6750904151408282 0.11118664152087604 0.021118241977179316
0 0.3978593569583724 0.6748196684488131 0.020215753003795668 0.014078827984786244
0 0.43720787619790324 0.6745489217567979 0.04837340897336816 0.01570330813687704
0 0.5364816632701143 0.6783393754450099 0.1415102710265697 0.02111824197717909
0 0.27151090068464956 0.7238248197035501 0.01877177064638168 0.014620321368816604
0 0.303278512547757 0.7240955663955652 0.025991682433451544 0.015161814752846822
0 0.3552618774146601 0.7230125796275046 0.05631531193914498 0.017327788288967697
0 0.4881082542967462 0.7276152733917614 0.17472186524709102 0.020035255209118814
0 0.5960459355134405 0.7251785531636255 0.01227385003801885 0.01516181475284668
0 0.30363950813711077 0.7725592242662718 0.07292110904940535 0.025450189049421285
0 0.423851039391824 0.7749959444944077 0.16028204167295124 0.021659735361209586
0 0.546950535361365 0.7777034114145587 0.05126137368819625 0.021659735361209607
0 0.3184403273006038 0.7977386666236778 0.06353522372621498 0.024908695665391178
0 0.43648588501919633 0.7982801600077079 0.1465642092775186 0.019493761825088697
0 0.5747471957415844 0.800446133543829 0.09530283558932226 0.021659735361209728
0 0.654166225399353 0.800716880235844 0.05198336486690316 0.02328421551330024
0 0.44190081885949917 0.8722075613688638 0.19493761825088674 0.033572589809875854
0 0.5823281031180078 0.8730198014449084 0.038265532471470465 0.020035255209118787
0 0.6375604282890923 0.869500094448712 0.057759294296559106 0.01516181475284668
0 0.3159133581751295 0.8917013231939515 0.07725305612164796 0.018410775057028265
0 0.40868922463897717 0.89901148387836 0.09097088851708043 0.021118241977179222
0 0.5332327029659325 0.8992822305703754 0.11912854448665292 0.02274272212926998
0 0.6501952739164646 0.8954917768821636 0.06281323254750809 0.023825708897330457
0 0.7088844576113965 0.8917013231939518 0.045856019976888096 0.014078827984786622
0 0.7450948964256113 0.8923810968818366 0.018771770646381754 0.011912854448665229
0 0.7848044112544957 0.8915688568057913 0.03898752365017728 0.013537334600755884
0 0.8642234409122648 0.8940055770339275 0.09530283558932234 0.02599168243345139
0 0.719145431482982 0.793420273992464 0.04331947072241912 0.01678629490493779
0 0.7220333961978099 0.7176112002282296 0.03898752365017742 0.01678629490493748
0 0.7920665405323877 0.7403539223574995 0.03754354129276336 0.01678629490493748
0 0.8332200377186859 0.7392709355894391 0.030323629505693644 0.01570330813687704
0 0.7902615625856203 0.720860160532411 0.02815765596957249 0.014620321368816462
0 0.8299710774145046 0.7184234403042749 0.025269691254744514 0.012995841216725807
0 0.7920665405323878 0.6913487711027628 0.034655576577935394 0.017327788288967697
0 0.8317760553612721 0.694056238022914 0.030323629505693644 0.01516181475284668
0 0.7931495273004482 0.6675230622054332 0.03537756775664246 0.01624480152090711
0 0.8310540641825651 0.669418289049538 0.025991682433451756 0.013537334600756026
0 0.7899005669962668 0.6461340735362378 0.03609955893534945 0.016786294904937264
0 0.8314150597719185 0.6450510867681772 0.026713673612158716 0.011371361064635153
0 0.7985644611407514 0.5705957464640196 0.04476345307983326 0.025991682433451686
0 0.8350250156654537 0.5711372398480501 0.025269691254744864 0.01841077505702841
0 0.657054190114181 0.6477585536883284 0.012995841216725807 0.013537334600756026
0 0.7050666034981959 0.6499245272244495 0.06425721490492178 0.015703308136876894
0 0.7635478889734617 0.5195629019770159 0.0238257088973306 0.013537334600756026
0 0.8007304346768714 0.5198336486690311 0.03465557657793525 0.017327788288967767
0 0.6646350974906043 0.5206458887450764 0.04404146190112613 0.01678629490493755
0 0.6700500313309079 0.3961024104181214 0.06209124136880265 0.020035255209118925
0 0.7635478889734618 0.39447793026603045 0.032489603041814516 0.015703308136876957
0 0.8032574038023461 0.39339494349796994 0.022381726539916685 0.017869281672997915
0 0.8364689980228672 0.39556091703409074 0.02238172653991677 0.015703308136877033
0 0.7274483300381123 0.34114083193905165 0.03393358539922844 0.020576748593149147
0 0.7978424699620436 0.34168232532308196 0.03321159422052147 0.014078827984786244
0 0.6523612474525855 0.22878095475277674 0.04404146190112605 0.00920538752851403
0 0.6516392562738786 0.2393400757413664 0.0440414619011262 0.00758090737642334
0 0.65488821657806 0.2547726371862283 0.023103717718623643 0.01028837429657461
0 0.7137304976426796 0.2420475426615176 0.031045620684400463 0.015161814752846751
0 0.7545229992396244 0.24475500958166882 0.01877177064638161 0.015161814752846788
0 0.7902615625856203 0.2485454632698805 0.03248960304181438 0.017327788288967697
0 0.828166099467737 0.2485454632698805 0.02599168243345147 0.02382570889733053
0 0.6159006929278829 0.44971025543711496 0.014439823574139794 0.012454347832695566
0 0.628535538555255 0.4518762289732359 0.010829867680604793 0.009205387528514138
