0 0.44831571048231 0.06191706099693788 0.13540944556649556 0.04651969662203799
0 0.6129910684776934 0.06453788897564425 0.15200802276496916 0.049140524600744355
0 0.3963359555713005 0.10909196461365246 0.0995914631908419 0.01769058885626798
0 0.49592741876214236 0.10876436111631417 0.07163596475130732 0.015724967872238215
0 0.5439759317050924 0.10581592964026951 0.0174721865247092 0.019001002845621145
0 0.6571083394525833 0.10745394712696092 0.19306766109803558 0.026208279787063665
0 0.41031370479106777 0.14905959128892454 0.1275469616303765 0.017690588856267963
0 0.6252215990449894 0.1484043842942479 0.19568848907674177 0.021621830824327445
0 0.406336386381751 0.17985432003872368 0.02873695488325545 0.02686348678174018
0 0.5959556866161018 0.18640638998549008 0.19481487975050713 0.03079472874979959
0 0.7370435928031269 0.18313035501210692 0.07338318340377889 0.019001002845621184
0 0.3557131219013518 0.21294227326989218 0.07600401138248461 0.02358745180835726
0 0.46622470167013685 0.22244277469270274 0.0995914631908419 0.03079472874979981
0 0.5412875249458762 0.21424623655746855 0.03830365279333819 0.020953722426098415
0 0.6667180420411739 0.21687351523795173 0.01135692124106086 0.018345795850944563
0 0.719134601615301 0.21654591174061333 0.0812456673398973 0.026863486781740255
0 0.34260898200782003 0.24865105447976643 0.09347619790719375 0.021621830824327545
0 0.446568491829839 0.25487552092919363 0.0952234165596649 0.03013952175512282
0 0.5016058793826729 0.25094427896113447 0.009609702588590069 0.015724967872238194
0 0.5439759317050913 0.25487552092919397 0.05940543418401079 0.030139521755123515
0 0.6309000596655184 0.2552031244265321 0.10221229116954798 0.03341555672850651
0 0.7274050156446827 0.2506166754637951 0.07681987156901263 0.02162183082432737
0 0.3491610519545859 0.2820666112082726 0.12055808702049277 0.02817390077109337
0 0.4898121534784942 0.29123950913374486 0.15724967872238196 0.02424265880303388
0 0.6077494125202799 0.2889462846523768 0.06814152744636551 0.03276034973382932
0 0.6706492840092335 0.2879634741603619 0.045427684964243584 0.013759346888208448
0 0.7291344180732005 0.29123950913374197 0.07154258316369516 0.019001002845621173
0 0.32071038535967417 0.3148200494759109 0.05142622326337374 0.03211896567152962
0 0.4199222550411099 0.32281523356285324 0.13472505682568944 0.020996112752055502
0 0.522715723723048 0.3297045830596209 0.06911220447551536 0.030838040604582517
0 0.5878911570575519 0.3274081332273637 0.05598963400548114 0.03149416912808362
0 0.7291774991182579 0.3274081332273612 0.08310961297689054 0.03280642617508628
0 0.8464057953172371 0.3267520047038637 0.04986576778613184 0.019683855705052017
0 0.3320010328918774 0.35791810957019604 0.08135993691421486 0.04264835402761284
0 0.44398030090284024 0.3546374669526874 0.13210054273168248 0.015090956040539893
0 0.5467737695847785 0.3595584308789499 0.06473801431883752 0.026245140940069273
0 0.6158859740602933 0.35529359547618866 0.06298833825616876 0.021652241275557035
0 0.7436123266352987 0.3598864951407012 0.010498056376027734 0.017715470134546864
0 0.7908535803274236 0.36513552332871513 0.08398445100822201 0.030838040604581566
0 0.35562165973793997 0.38744389312777405 0.13734957091969632 0.028213526510574526
0 0.4899092975479615 0.4008945278595594 0.1399740850137033 0.03411868322209013
0 0.6049504986685983 0.3976138852420499 0.09535734541558534 0.038055454363100726
0 0.7431749076196303 0.4005664635978088 0.12160248635565458 0.03215029765158505
0 0.3306887758448741 0.42254676913511685 0.07523607069486551 0.03280642617508669
0 0.39936356130472234 0.43042031141713766 0.05336511991147439 0.011810313423031288
0 0.4995325158926532 0.43566933960515136 0.127726352575004 0.03280642617508717
0 0.6032008226059277 0.4317325684641411 0.07086188053818737 0.019683855705052055
0 0.7265529850242536 0.430092247155387 0.14959730335839524 0.024276755369564217
0 0.33112619486054196 0.45863383792771223 0.07961026085154373 0.026245140940069404
0 0.38755324788169104 0.46716350873323476 0.03324384519075451 0.013122570470034702
0 0.4667260897175667 0.472084472659497 0.10585540179161318 0.026901269463571652
0 0.5354008751774151 0.46814770151848734 0.017496760626713057 0.01377869899353648
0 0.5835169669008753 0.4651951231627246 0.06473801431883867 0.01837159865804842
0 0.6570033615330699 0.4665073802097331 0.06473801431883779 0.020996112752055537
0 0.7532355449799907 0.4720844726594974 0.11372894407363371 0.034774811745592736
0 0.31319201521816104 0.4973454208143145 0.04024254944143965 0.041992225504111254
0 0.39936356130472217 0.4966892922908129 0.11985281029298342 0.020996112752055537
0 0.5231531427387153 0.5025944490023283 0.11722829619897626 0.035430940269094276
0 0.6360072487810136 0.500297999170072 0.09448250738424967 0.03477481174559203
0 0.7156175096325584 0.4999699349083212 0.05249028188013888 0.022308369799058942
0 0.7961026085154376 0.4983296135995672 0.09623218344692105 0.022964498322560728
0 0.3276268427351993 0.5301518469894013 0.060363824162159574 0.02493288389306592
0 0.37793002953699895 0.5396657105801765 0.043741901566782315 0.025589012416567625
0 0.44179320582450093 0.5376973250096705 0.059488986130823915 0.03477481174559314
0 0.5047815440806666 0.5363850679626673 0.05948898613082382 0.02690126946357166
0 0.5909530901672274 0.5390095820566743 0.08310961297688625 0.03215029765158581
0 0.6434433720473675 0.5340886181304118 0.013122570470034773 0.017059341611045154
0 0.7781684288730548 0.537041196486169 0.1216024863556545 0.02558901241656833
0 0.6806239883791324 0.5317921682981556 0.05423995794281012 0.021652241275557246
0 0.3171287863591716 0.5606618233322315 0.09710702147825662 0.03346255469858836
0 0.4168603219314352 0.5688634298760031 0.08835864116490016 0.01837159865804862
0 0.5231531427387162 0.5649266587349931 0.10673023982294864 0.01837159865804857
0 0.6364446677966815 0.5741124580640133 0.12860119060634045 0.03674319731609712
0 0.7576097351366685 0.5711598797082588 0.09448250738425039 0.020339984228555038
0 0.3503726315499261 0.5970769563865781 0.13385021879435383 0.03280642617508669
0 0.44485513893417583 0.6016698560510902 0.04111738747277542 0.014434827517038045
0 0.5240279807700507 0.608231141286107 0.10673023982294864 0.02493288389306693
0 0.5909530901672286 0.6029821130980938 0.016621922595377186 0.0157470845640416
0 0.6189479071699694 0.6010137275275865 0.02886965503407601 0.01574708456404141
0 0.7584845731680034 0.6046224344068475 0.05948898613082371 0.04002383993360605
0 0.3315636138762095 0.629883382561664 0.09448250738424925 0.034118683222091814
0 0.41204871275908916 0.6338201537026752 0.059488986130823845 0.019683855705052124
0 0.4929712306576364 0.6325078966556719 0.07961026085154373 0.02230836979905888
0 0.5944524422925712 0.6338201537026753 0.10935475391695562 0.02493288389306585
0 0.7029323581781911 0.6397253104141903 0.11635345816764034 0.03805545436310052
0 0.29744493065411953 0.6620336802132499 0.027994817002740646 0.028869655034076375
0 0.3280642617508671 0.6656423870925093 0.026245140940069335 0.022964498322560728
0 0.38274163870934497 0.6735159293745296 0.06561285235017332 0.04133609698061032
0 0.44310546287150454 0.6761404434685364 0.05336511991147453 0.03346255469858878
0 0.48990929754796153 0.669251093971769 0.0157470845640416 0.017059341611045085
0 0.587016319026217 0.6764685077302874 0.1399740850137031 0.031494169128084344
0 0.7204291188049032 0.6787649575625437 0.11635345816764063 0.030838040604582093
0 0.3131920152181611 0.6941839778648348 0.09973153557226365 0.03543094026909358
0 0.43566933960515114 0.7069784840731175 0.13472505682568922 0.022964498322560915
0 0.5647079492271588 0.7089468696436211 0.11810313423031285 0.030838040604581538
0 0.6898097877081565 0.7086188053818728 0.07436123266352965 0.030181912081079933
0 0.7869168091864133 0.7086188053818729 0.11285410604229838 0.017059341611044943
0 0.8612780418499426 0.7099310624288733 0.023620626846063576 0.019683855705051996
0 0.8971464011347047 0.7086188053818729 0.04286706353544659 0.017059341611044943
0 0.31319201521816115 0.7322394322279329 0.07698574675753675 0.03805545436310042
0 0.4282332163387986 0.7440497456509667 0.12335216241832597 0.03543094026909344
0 0.5349634561617473 0.738144588939451 0.07611090872620124 0.020996112752055467
0 0.5861414809948824 0.739784910248205 0.015747084564041537 0.017715470134546784
0 0.646067886141374 0.7401129745099558 0.09535734541558533 0.03149416912808351
0 0.7418626505726275 0.74536200269797 0.09098315525890727 0.03805545436310055
0 0.32850168076653496 0.7670142439735272 0.10935475391695572 0.031494169128083345
0 0.3993635613047219 0.7752158505172865 0.03061933109674824 0.017715470134548668
0 0.5340886181304118 0.7735755292085446 0.01137289440736339 0.015747084564041388
0 0.5773355445702808 0.7750129680113327 0.07010215472934163 0.015496721052470838
0 0.46716350873323476 0.7781684288730567 0.0997315355722635 0.02493288389306584
0 0.627258868467658 0.7778403646113058 0.020996112752055537 0.015090956040539822
0 0.6906846257394923 0.7834174570610692 0.08310961297688584 0.030181912081079742
0 0.33550038501722007 0.8014609914573683 0.11810313423031218 0.030838040604581493
0 0.45841512841987836 0.8080222766923856 0.11722829619897653 0.01771547013454679
0 0.5349691931983824 0.807038083907133 0.027131453044678552 0.024932883893065704
0 0.7055568722721957 0.8172210289326125 0.13559989485702437 0.0334884605209972
0 0.3083804060458151 0.8418730258360821 0.03411868322209017 0.04855351073912829
0 0.37836744855266674 0.8458097969770922 0.09710702147825674 0.03411868322209014
0 0.478973822156266 0.8500746323798535 0.10060637360359918 0.036087068792595454
0 0.5782679387128618 0.837608190433321 0.06473801431883794 0.03477481174559151
0 0.6779994742851252 0.8484343110710995 0.11022959194829168 0.020996112752055172
0 0.333313289938881 0.8759917090581724 0.0822347749455507 0.017059341611045085
0 0.4151106458687633 0.8805846087226841 0.07961026085154414 0.03411868322208937
0 0.5117802483313527 0.8713988093936601 0.07173671856952296 0.028869655034076232
0 0.6071375937469381 0.8818968657696877 0.11197926801096258 0.02362062684606243
0 0.7147426716012223 0.881240737246186 0.0752360706948661 0.022308369799059126
0 0.3534345646596006 0.9019087857364906 0.09273283132157834 0.024276755369564307
0 0.4706628608585774 0.9022368499982416 0.10148121163493493 0.03543094026909358
0 0.5944524422925695 0.9127349063742684 0.14084892304503963 0.03280642617508642
0 0.7052518285974959 0.9068297496627522 0.07847067213827504 0.01574708456404156
0 0.7672329534813612 0.9094542637567605 0.04724125369212487 0.02493288389306585
0 0.8293464537061915 0.9012526572129888 0.07173671856952366 0.03871158288660241
0 0.515717019472363 0.9488219751668646 0.20558693736387668 0.041992225504110935
0 0.4514765543525502 0.18305985805698385 0.05948898613082385 0.01968385570505201
0 0.612009333102641 0.21849079832607754 0.09360766935291391 0.03280642617508685
0 0.7877916472177489 0.2562181884274271 0.03586835928476136 0.016403213087543368
0 0.8009142176877836 0.29230525722002265 0.06561285235017322 0.016403213087543344
0 0.6521917523607239 0.3280642617508671 0.06736252841284461 0.030181912081079787
0 0.796102608515437 0.3241274906098564 0.052490281880138816 0.020996112752055415
0 0.6871852736141497 0.3602145594024521 0.09010831722757175 0.014434827517038173
0 0.6819362454261355 0.6029821130980939 0.08485928903955804 0.015747084564041548
0 0.6386317628750213 0.7076346125966204 0.027994817002740646 0.028213526510574526
0 0.5932613094071248 0.8112730561954978 0.07856279163544976 0.017171581600319855
