0 0.3033707865168539 0.09761235955056179 0.18960674157303367 0.06320224719101125
0 0.5203651685393258 0.09831460674157302 0.22752808988764037 0.06741573033707864
0 0.7199789325842696 0.09269662921348315 0.14852528089887643 0.0646067415730337
0 0.17854634831460672 0.20365168539325842 0.11481741573033705 0.061797752808988735
0 0.35603932584269665 0.1875 0.20224719101123598 0.05758426966292134
0 0.5830407303370787 0.20014044943820225 0.22436797752808985 0.06601123595505619
0 0.7357794943820224 0.19522471910112357 0.05372191011235955 0.050561797752808994
0 0.8063553370786516 0.20575842696629212 0.07900280898876418 0.05477528089887642
0 0.21857443820224717 0.24648876404494385 0.16959269662921345 0.02949438202247194
0 0.5040379213483146 0.24297752808988765 0.32549157303370785 0.04494382022471911
0 0.7299859550561797 0.23876404494382023 0.07584269662921357 0.028089887640449476
0 0.8195224719101123 0.24087078651685395 0.07162921348314612 0.03792134831460675
0 0.13799157303370788 0.2893258426966292 0.03160112359550562 0.025280898876404514
0 0.17907303370786515 0.2893258426966292 0.04634831460674157 0.036516853932584255
0 0.26544943820224715 0.29564606741573035 0.14747191011235955 0.06039325842696631
0 0.39986539233559115 0.2868302893968908 0.07501168354758951 0.04276170238929123
0 0.5867275280898876 0.2893258426966292 0.27176966292134835 0.036516853932584255
0 0.7873946629213477 0.2942415730337078 0.10428370786516847 0.0435393258426967
0 0.18802668539325829 0.34550561797752816 0.15063202247191004 0.05898876404494382
0 0.40607443820224715 0.3356741573033708 0.2496488764044944 0.04494382022471911
0 0.5635533707865169 0.339185393258427 0.04213483146067411 0.023876404494382015
0 0.6867977528089878 0.34410112359550554 0.1727528089887639 0.061797752808989026
0 0.8030001903420332 0.3314606741573025 0.04701161663912737 0.030898876404494412
0 0.22594803370786515 0.39255617977528096 0.2096207865168539 0.057584269662921156
0 0.46453651685393227 0.39325842696629204 0.23384831460674144 0.05898876404494385
0 0.6067415730337076 0.392556179775281 0.05898876404494421 0.04073033707865159
0 0.7341994382022472 0.3960674157303371 0.18539325842696627 0.04775280898876403
0 0.2096481098446781 0.4396626452561127 0.2190464769398541 0.03943765006279043
0 0.4487359550561796 0.44733146067415747 0.23595505617977527 0.046348314606741284
0 0.6646769662921342 0.4396067415730336 0.12851123595505606 0.0477528089887641
0 0.7821278089887639 0.43328651685393255 0.06214887640449447 0.02668539325842694
0 0.22173455056179772 0.4859550561797753 0.24543539325842695 0.04213483146067418
0 0.39343398876404495 0.48455056179775274 0.07478932584269671 0.0337078651685394
0 0.48191713483146065 0.4824438202247191 0.030547752808988804 0.015449438202247166
0 0.5361657303370787 0.48314606741573035 0.04002808988764052 0.02528089887640448
0 0.6457162921348314 0.48735955056179775 0.17275280898876402 0.033707865168539256
0 0.8068820224719099 0.48455056179775285 0.11376404494382061 0.042134831460674066
0 0.1869733146067416 0.5344101123595507 0.1927668539325843 0.043539325842696305
0 0.31495786516853924 0.5351123595505618 0.018960674157303264 0.039325842696629254
0 0.36341292134831427 0.5344101123595506 0.05477528089887637 0.06320224719101135
0 0.41344803370786515 0.5351123595505618 0.015800561797752834 0.022471910112359623
0 0.5161516853932586 0.5316011235955062 0.16853932584269657 0.02949438202247183
0 0.140625 0.5751404494382022 0.06636235955056179 0.03230337078651686
0 0.2169943820224719 0.577247191011236 0.0800561797752809 0.028089887640449476
0 0.34287219101123595 0.5870786516853933 0.1695926966292135 0.04213483146067411
0 0.5282654494382022 0.5807584269662929 0.15905898876404487 0.043539325842696576
0 0.7447331460674153 0.5821629213483145 0.13693820224719092 0.05196629213483156
0 0.16063904494382023 0.6193820224719101 0.10849719101123596 0.036516853932584185
0 0.3075842696629213 0.6257022471910112 0.14957865168539322 0.029494382022471868
0 0.4582162921348314 0.6292134831460674 0.13272471910112357 0.028089887640449406
0 0.5509129213483146 0.6299157303370787 0.018960674157303358 0.018258426966292093
0 0.7104985955056179 0.6299157303370787 0.25596910112359544 0.02106741573033709
0 0.1269311797752809 0.6804775280898876 0.043188202247191006 0.040730337078651646
0 0.22157615093524566 0.67907303370786 0.1187140996233019 0.04353932584269629
0 0.4071278089887639 0.6748595505617971 0.20119382022471935 0.04634831460674142
0 0.5430126404494381 0.6685393258426967 0.04950842696629209 0.036516853932584324
0 0.594627808988764 0.6636235955056179 0.04318820224719097 0.026685393258427014
0 0.6941713483146067 0.6643258426966292 0.11587078651685395 0.028089887640449406
0 0.778625154119308 0.6804775280898869 0.06989075767681963 0.04915730337078654
0 0.8437499999999996 0.6867977528089888 0.05898876404494401 0.05898876404494364
0 0.19592696629213477 0.7338483146067412 0.17485955056179767 0.05477528089887644
0 0.31601123595505615 0.7219101123595506 0.05056179775280902 0.03651685393258436
0 0.3965941011235955 0.7240168539325842 0.06425561797752813 0.03230337078651686
0 0.5077247191011235 0.7205056179775281 0.06320224719101127 0.0337078651685394
0 0.5888342696629213 0.7162921348314606 0.08216292134831456 0.02528089887640448
0 0.6920646067415727 0.7169943820224717 0.10112359550561792 0.03230337078651698
0 0.7684339887640448 0.7198033707865169 0.020014044943820152 0.023876404494382088
0 0.8200491573033708 0.7261235955056179 0.07268258426966298 0.02528089887640448
0 0.17959971910112357 0.7780898876404494 0.13167134831460672 0.030898876404494333
0 0.3207985303737733 0.7851123595505608 0.10859144277001877 0.06179775280898874
0 0.45537297902838375 0.7738764044943811 0.14599876704553333 0.05337078651685354
0 0.6235955056179776 0.7654494382022473 0.12219101123595501 0.04494382022471901
0 0.7531601123595505 0.771067415730337 0.12008426966292135 0.03932584269662911
0 0.2296348314606741 0.8286516853932585 0.2528089887640449 0.02528089887640448
0 0.4571629213483146 0.8188202247191012 0.10744382022471904 0.033707865168539256
0 0.622632025956031 0.8244382022471903 0.18310673460479068 0.05056179775280874
0 0.7889747191011238 0.8181179775280899 0.13272471910112366 0.046348314606741256
0 0.726299157303371 0.5287921348314605 0.19698033707865195 0.03230337078651666
0 0.6545884877690071 0.5788068715516309 0.033850138431101726 0.025616320974887755
0 0.4608497191011236 0.7191011235955057 0.020014044943820294 0.03089887640449447
0 0.3775377584125909 0.8197837560975485 0.014661660520877003 0.02321429582472351
0 0.3926575958247455 0.8692668603555093 0.046734042910296 0.03909776138900747
0 0.46413319086402277 0.8827067158329811 0.07789007151716078 0.05131581182307073
