0 0.05413712535751045 0.05787443383978328 0.03143445988500605 0.0380544222508164
0 0.09022854226251745 0.05866723430334199 0.02444902435500473 0.02378401390676026
0 0.13563387320752615 0.06104563569401792 0.05006228796500956 0.022198412979642878
0 0.19966703223253862 0.06818083986604609 0.057047723495011055 0.02219841297964292
0 0.274178344552553 0.06025283523045934 0.033762938395006506 0.019027211125408217
0 0.40923009813257827 0.06025283523045923 0.16648621346503176 0.036468821323698865
0 0.5279825021426021 0.05985643499868001 0.05239076647501001 0.0261624152974363
0 0.6787514856651302 0.055496032449107224 0.20956306590004017 0.02378401390676034
0 0.8731794412501666 0.05708163337622458 0.13039479656002476 0.02695521576099485
0 0.07392919269251429 0.092757654236365 0.038419895415007406 0.012684807416938811
0 0.15891865830753027 0.09791085724949625 0.09197490114501747 0.02933361715167114
0 0.3446148194800652 0.09394685493170293 0.25147567908004764 0.029333617151671224
0 0.5617454405376077 0.0883972516867921 0.1548438209150292 0.026162415297436285
0 0.6892296389601333 0.07928004635586756 0.04191261318000798 0.01744161019829087
0 0.7940111719101526 0.08284764844188156 0.1443656676200276 0.024576814370319063
0 0.9115993366651755 0.07967644658764689 0.06752587679001303 0.015063208807614843
0 0.1204987628925232 0.12090207069269798 0.12224512177502353 0.013477607880497601
0 0.29105981375005535 0.12367687231515323 0.18162132378003457 0.02695521576099527
0 0.4668599412550896 0.11733446860668391 0.11875240401002288 0.019027211125408335
0 0.5827017471276128 0.11812726907024267 0.1012888151850197 0.030126417615229658
0 0.6700196912526297 0.10782086304397989 0.022120545845004214 0.011099206489821451
0 0.7323064913951416 0.10940646397109724 0.08149674785001579 0.023784013906760267
0 0.847566177640164 0.10385686072618651 0.10245305444001972 0.022198412979642902
0 0.9319735236276805 0.10782086304397989 0.036091416905007064 0.011099206489821451
0 0.1426193087375276 0.15380328993038306 0.1711431704850331 0.025369614833877615
0 0.3300618287925631 0.14865008691725148 0.19209947707503672 0.02933361715167123
0 0.4557996683325867 0.14547888506301662 0.029105981375005287 0.013477607880497518
0 0.5530136461251071 0.13953288158632693 0.13738023209002662 0.014270408344056164
0 0.6752587679001306 0.13636167973209218 0.05355500573001038 0.017441610198290842
0 0.7619945923976473 0.14191128297700292 0.11525968624502227 0.02854081668811231
0 0.899956944115174 0.13279407764607815 0.12108088252002347 0.016648809734732185
0 0.0879000637525166 0.17956930499603785 0.06403315902501262 0.022991213443201642
0 0.15775441905253051 0.17560530267824667 0.0686901160450133 0.019820011588966898
0 0.3312260680475639 0.1748125022146879 0.21538426217504159 0.02457681437031902
0 0.4750096160400919 0.1696592992015566 0.032598699140006245 0.011099206489821434
0 0.6321819154651207 0.16926289896977714 0.2538041575900487 0.026162415297436365
0 0.823117153285159 0.1613348943341904 0.08615370487001646 0.013477607880497466
0 0.9308092843726802 0.1573708920163971 0.0756755515750146 0.01506320880761482
0 0.16299349570003152 0.20493891982991763 0.21887697994004235 0.027748016224553636
0 0.32133003438006186 0.20137131774390324 0.0419126131800076 0.01427040834405614
0 0.4435751561550858 0.20256051843924158 0.15600806017003024 0.03250481900590572
0 0.5797911489901122 0.19463251380365484 0.06519739828001271 0.013477607880497473
0 0.7130965436876378 0.1962181147307721 0.1990849126050384 0.030919218078788363
0 0.1286484376775249 0.22753373304133986 0.11991664326502319 0.03171201854234699
0 0.22644453509754342 0.22594813211422207 0.029105981375005682 0.015856009271173466
0 0.27650682306255253 0.23149773535913293 0.04773380945500907 0.030126417615230223
0 0.340539982087565 0.22911933396845682 0.06170468051501202 0.03171201854234739
0 0.48606988896259185 0.22674093257778094 0.16881469197503216 0.03329761946946481
0 0.6537203416826266 0.2192093281739738 0.10361729369502008 0.01823441066184948
0 0.7916826934001532 0.21445252539262172 0.12806631805002483 0.021405612516084284
0 0.9086887385276757 0.21128132353838702 0.08033250859501549 0.015063208807614857
0 0.09488549928251835 0.2604349522790249 0.08731794412501687 0.026162415297436327
0 0.2299372528625441 0.2588493513519074 0.13388751432502566 0.022991213443201774
0 0.3678996045800709 0.2505249464845414 0.11642392550002208 0.02219841297964292
0 0.5041155974150975 0.24616454393496878 0.10478153295002031 0.021405612516084246
0 0.5966726181876154 0.25171414717987944 0.036091416905007064 0.02457681437031894
0 0.6589594183301268 0.24695734439852732 0.0768397908300148 0.016648809734732338
0 0.811474760735156 0.24457894300785124 0.17463588825003343 0.027748016224553914
0 0.32074791475256204 0.3095885810196628 0.12457360028502414 0.0451896264228445
0 0.4575460272150874 0.30483177823831015 0.08615370487001565 0.018234410661849193
0 0.6094792499926178 0.3008677759205174 0.16881469197503257 0.019820011588966898
0 0.7928469326551535 0.3064173791654281 0.08149674785001594 0.029333617151670915
0 0.9057781403901752 0.29730017383450336 0.10245305444001986 0.015856009271173477
0 0.10187093481251973 0.3409041993302305 0.12923055730502503 0.015856009271173546
0 0.27650682306255353 0.3397149986348924 0.18744252005503634 0.0166488097347321
0 0.40981221776007926 0.3329761946946437 0.04191261318000812 0.01902721112540824
0 0.5605812012826085 0.3317869939993057 0.23168361174504482 0.026162415297436327
0 0.8172959570101574 0.3246517898272769 0.2468187220600463 0.02774801622455352
0 0.10827425071502095 0.3702378164819015 0.14669414613002837 0.026955215760995018
0 0.22877301360754373 0.36508461346876964 0.04773380945500911 0.03091921807878833
0 0.2864028567300554 0.36310261230987334 0.05355500573001038 0.019027211125408172
0 0.5215791862400994 0.3646882132369903 0.372556561600071 0.038054422250817115
0 0.21887697994004235 0.41701304383186333 0.07916826934001531 0.020612812052525555
0 0.41330493552507996 0.4197878454543188 0.2561326361000495 0.03567602086014041
0 0.6251964799351211 0.41067064012339394 0.07218283381001399 0.019027211125408314
0 0.8033250859501533 0.4122562410505107 0.24681872206004712 0.03171201854234796
0 0.13970871060002701 0.44515746028819636 0.17696436676003421 0.02457681437031894
0 0.3032843259275587 0.4439682595928583 0.13854447134502684 0.023784013906760323
0 0.4412466776450853 0.44634666098353437 0.12806631805002475 0.023784013906760323
0 0.6059865322276162 0.44476106005641663 0.15950077793503062 0.026955215760995747
0 0.8155495981276544 0.4400042572750611 0.17812860601503766 0.03488322039658244
0 0.2031597499975393 0.47211267604919127 0.32715123065506324 0.03250481900590572
0 0.3341366661850646 0.5256267073394016 0.07683979083001488 0.022198412979642857
0 0.5041155974150964 0.5256267073394012 0.19326371633003703 0.023784013906761145
0 0.739874046552643 0.5224555054851672 0.19908491260503852 0.01744161019829079
0 0.2770889426900529 0.5521855228686168 0.1955921948400372 0.032504819005905156
0 0.434261242115084 0.5482215205508242 0.06752587679001308 0.021405612516084176
0 0.45056059168508644 0.6869616016735921 0.30735916332005897 0.030919218078787523
0 0.2299372528625445 0.7285836260104229 0.06170468051501196 0.0364688213236991
0 0.2898955744950561 0.7266016248515261 0.04424109169000854 0.02299121344320156
0 0.403408901857578 0.748800037831169 0.024449024355004737 0.015063208807614786
0 0.5262361432601018 0.7460252362087139 0.15600806017003024 0.019027211125408172
