0 0.3813440849542864 0.06637133692334145 0.2806226701495665 0.02969244020254743
0 0.7329957297060254 0.057638266275533374 0.33884314113495373 0.04366535323904044
0 0.18746991657294695 0.11527653255106679 0.090823934737204 0.029692440202547625
0 0.3999746356696104 0.11221995782433387 0.3178837715802142 0.03231236139688988
0 0.5938488040509499 0.1104733436947723 0.0372611014306478 0.027072519008205075
0 0.6730286445910767 0.11047334369477238 0.10246802893428171 0.027072519008205134
0 0.7848119488830201 0.11134665075955309 0.10246802893428153 0.027072519008205054
0 0.2026072390291476 0.14191239802688138 0.1350714926860984 0.025325904878643436
0 0.35165164475173893 0.141475744494491 0.15370204340142235 0.026199211943424262
0 0.45411967368602046 0.14453231922122384 0.03260346375181683 0.028819133137766694
0 0.5298062859670238 0.13841916976775814 0.07219338402188015 0.02183267661952021
0 0.6118971500564196 0.14060243742971024 0.07801543112041881 0.020959369554739326
0 0.6805973058191768 0.1397291303649294 0.033767873171524486 0.015719527166054556
0 0.7743322641056504 0.14060243742971018 0.15137322456200678 0.019212755425177797
0 0.17524361766601562 0.16898491703508647 0.08034424995983437 0.02357929074908187
0 0.31206172448167563 0.16854826350269608 0.20260723902914754 0.024452597813862643
0 0.5239842388684852 0.16592834230835365 0.18863432599265464 0.026199211943424262
0 0.6893303764669853 0.16418172817879198 0.10246802893428185 0.02270598368430101
0 0.8069357278574677 0.16330842111401134 0.11178330429194443 0.020959369554739406
0 0.18455889302367756 0.1956841933368754 0.08034424995983437 0.024452597813862623
0 0.301582039704306 0.19481088627209472 0.14671558688317587 0.024452597813862654
0 0.4488798312973357 0.19219096507775224 0.13623590210580602 0.022705983684301115
0 0.5752182533356259 0.19131765801297135 0.10013921009486616 0.020959369554739416
0 0.6805973058191768 0.19219096507775218 0.10363243835398922 0.026199211943424127
0 0.1606884999196688 0.21970013761834764 0.0582204709853872 0.021832676619520156
0 0.3324388893265612 0.22188340528029982 0.27130739479190447 0.029692440202547313
0 0.5391215613246858 0.21708021642400524 0.1257562173284365 0.02532590487864347
0 0.652651479746191 0.2162069093592244 0.08500188763866533 0.018339448360397023
0 0.816833207924983 0.21795352348878594 0.22938865568242542 0.023579290749081886
0 0.17116818469703843 0.24939257782089513 0.05589165214597174 0.02881913313776674
0 0.344665188233493 0.2458993495617719 0.25384125349628944 0.020086062489958558
0 0.562991954428695 0.2410961607054774 0.11993417022989845 0.020959369554739374
0 0.7155295884104095 0.24327942836742955 0.17116818469703843 0.021832676619520052
0 0.8639917894231484 0.24196946777025827 0.10013921009486318 0.029692440202547354
0 0.19794960135031667 0.2707886009080249 0.05589165214597177 0.024452597813862588
0 0.33069227519699956 0.2686053332460729 0.19562078251090115 0.021832676619520194
0 0.5472724272626401 0.27035194737563456 0.22123778974447142 0.023579290749081813
0 0.7731678546859426 0.27078860090802503 0.20726487670797858 0.029692440202547344
0 0.17582582237586947 0.29436789165710675 0.03260346375181685 0.019212755425177763
0 0.3382609364250999 0.29698781285144915 0.2806226701495665 0.02794582607298589
0 0.18688771186309314 0.31751052887379827 0.08500188763866522 0.0253259048786434
0 0.4174407769652265 0.3192571430033598 0.3691177860473551 0.02357929074908178
0 0.7638525793282807 0.316200568276627 0.30973290564226014 0.026199211943424245
0 0.19329196367148566 0.3437097408172224 0.07452220286129567 0.02532590487864347
0 0.2911023549269362 0.34501970141439364 0.10945448545252785 0.020959369554739378
0 0.4430577841987969 0.3419631266876608 0.1711681846970385 0.0200860624899586
0 0.6130615594761274 0.3450197014143938 0.15253763398171458 0.022705983684300636
0 0.8197442314742522 0.34283643375244166 0.22589542742330238 0.02357929074908192
0 0.18805212128280074 0.37034560629303714 0.06171369924451048 0.026199211943424318
0 0.3271990469378763 0.36903564569586594 0.18863432599265464 0.016592834230835293
0 0.5105935305418461 0.371218913357818 0.16185290933937652 0.024452597813862696
0 0.6247056536732052 0.371218913357818 0.04541196736860208 0.01746614129561614
0 0.7609415557790112 0.37034560629303714 0.19445637309119335 0.019212755425177763
0 0.173497003536454 0.396108164704071 0.04657637678830978 0.020086062489958537
0 0.28469810311854366 0.3947982041068998 0.1432223586240527 0.017466141295616067
0 0.45237305955645896 0.39392489704211897 0.15952409049996086 0.026199211943424307
0 0.6049106935381734 0.3930515899773382 0.12924944558755974 0.022705983684301004
0 0.7987848619195129 0.39261493644494777 0.23055306510213341 0.02008606248995868
0 0.2561700723357039 0.4201241089855432 0.19794960135031667 0.024452597813862623
0 0.4558662878155822 0.4214340695827145 0.1944563730911934 0.0253259048786434
0 0.6666243927826839 0.4205607625179336 0.20610046728827064 0.0253259048786434
0 0.25791668646526544 0.4463233209289675 0.21075810496710176 0.026199211943424318
0 0.4215162099342036 0.44763328152613874 0.10013921009486612 0.018339448360396977
0 0.5536766790710326 0.44806993505852916 0.13390708326639056 0.024452597813862623
0 0.752790689841057 0.4454500138641868 0.23870393104008764 0.026199211943424273
0 0.2724718042116123 0.4755791075991246 0.24918361581745718 0.02183267661952029
0 0.5146689635108231 0.47514245406673455 0.21192251438680945 0.026199211943423742
0 0.6840905340783001 0.475579107599125 0.09897480067515821 0.020086062489958385
0 0.7848119488830205 0.47339583993717255 0.05589165214597122 0.01746614129561628
0 0.2049360578685632 0.4982850912834257 0.09315275357661976 0.02357929074908176
0 0.29808881144518273 0.5000317054129872 0.03958992027006332 0.020086062489958607
0 0.39240597444151004 0.4987217448158161 0.13972913036492934 0.024452597813862623
0 0.5804580957243108 0.5000317054129872 0.1851410977335314 0.0253259048786434
0 0.8069357278574671 0.49610182362147365 0.2398683404597955 0.027945826072985794
0 0.18048346005470045 0.5262309173564116 0.055891652145971735 0.025325904878643543
0 0.3237058186787531 0.5266675708888019 0.18863432599265464 0.027945826072985937
0 0.18281227889411597 0.5498102081054933 0.0791798405401266 0.018339448360396915
0 0.26956078066234307 0.5524301292998358 0.08733070647808114 0.020086062489958936
0 0.37435762843604 0.5506835151702741 0.0919883441569118 0.0253259048786434
0 0.501860459894038 0.5485002475083222 0.11644094197077443 0.019212755425177763
0 0.643336204388529 0.5476269404435413 0.1222629890693132 0.01746614129561614
0 0.7370711626750025 0.5489369010407126 0.03726110143064787 0.014846220101273885
0 0.8389569868994302 0.549373554573103 0.15253763398171458 0.022705983684301004
0 0.1851410977335314 0.5781926877108696 0.07917984054012667 0.019212755425177763
0 0.315554952740799 0.5808126089052125 0.13507149268609805 0.027945826072985045
0 0.484394318598422 0.5786293412432602 0.17931905063499304 0.023579290749081536
0 0.6590557315545835 0.5738261523869655 0.13274267384668292 0.024452597813862696
0 0.15719527166054553 0.6004620178627803 0.03726110143064785 0.020086062489958607
0 0.20377164844885537 0.5995887107979995 0.03493228259123239 0.020086062489958607
0 0.305657472673283 0.601335324927561 0.15486645282113004 0.0183394483603972
0 0.5001138457644764 0.5995887107979994 0.22007338032476384 0.018339448360396773
0 0.6485760467772138 0.5987154037332186 0.051234014467140765 0.014846220101273814
0 0.8179976173446903 0.604391899654295 0.2573344817554115 0.02794582607298358
0 0.18281227889411597 0.6297178045329378 0.07219338402188019 0.02270598368430024
0 0.4692569961422211 0.6297178045329376 0.19562078251090118 0.02095936955473894
0 0.6672065974925377 0.6279711904033759 0.1746614129561617 0.020959369554739732
0 0.21017590025724794 0.6546070558791903 0.1292494455875597 0.030565747267328334
0 0.36562455778823194 0.6546070558791903 0.15603086224083784 0.021832676619520156
0 0.5594987261695714 0.6554803629439714 0.20610046728827083 0.027072519008204923
0 0.7568661228100342 0.6541704023468 0.14671558688317574 0.01746614129561621
0 0.2771294418904433 0.6808062678226147 0.22123778974447145 0.02357929074908184
0 0.45120865013675115 0.681242921355005 0.09198834415691173 0.015719527166054518
0 0.5827869145637264 0.6794963072254434 0.15253763398171466 0.019212755425177763
0 0.7632703746184268 0.6799329607578337 0.18281227889411597 0.027072519008205093
0 0.2026072390291476 0.7061321727012582 0.0861662970583731 0.021832676619520156
0 0.32254140925904534 0.7039489050393061 0.1117833042919435 0.019212755425177763
0 0.461106130204267 0.7026389444421349 0.11411212313135906 0.023579290749081848
0 0.7085431318921627 0.7030755979745255 0.10363243835398933 0.024452597813862696
0 0.2538412534962884 0.7292748099179495 0.18863432599265464 0.020959369554739454
0 0.4902163656969606 0.7288381563855592 0.22589542742330246 0.02707251900820495
0 0.6602201409742914 0.7292748099179495 0.08616629705837311 0.020959369554739454
0 0.7883051771421432 0.7279648493207783 0.14904440572259134 0.02008606248995875
0 0.2561700723357039 0.7563473289261546 0.19794960135031667 0.026199211943424245
0 0.4686747914323673 0.753727407731812 0.20377164844885529 0.019212755425177763
0 0.6561447080053147 0.7511074865374704 0.11993417022989822 0.02445259781386353
0 0.8214908456038139 0.7559106753937641 0.187469916572947 0.023579290749081848
0 0.19969621547987823 0.7781800055456746 0.09431716299632732 0.019212755425177763
0 0.32312361396889927 0.7869130761934834 0.1292494455875598 0.027945826072986114
0 0.49836723163491486 0.7790533126104557 0.03493228259123235 0.019212755425177905
0 0.6415895902589673 0.7768700449485035 0.23288188394154902 0.018339448360397057
0 0.8150865937954213 0.7790533126104559 0.10013921009486572 0.019212755425177294
0 0.16883936585762302 0.806562485151051 0.023288188394154898 0.02008606248995875
0 0.2154157426459328 0.8048158710214895 0.04191873910947883 0.016592834230835508
0 0.31846597629006823 0.807435792215832 0.13623590210580616 0.016592834230835365
0 0.4820654997590064 0.8035059104243182 0.16534613759849967 0.022705983684301146
0 0.6741930540107844 0.7973927609708525 0.1653461375985004 0.020959369554739312
0 0.8511832858063613 0.8043792174890995 0.15835968108025283 0.020959369554739024
0 0.30041763028459834 0.6305911115977182 0.12109857964960558 0.019212755425177832
0 0.21743874047202616 0.828200139546835 0.07441753684604102 0.02092993223794892
0 0.355227461038524 0.8290722200567496 0.15232339573174028 0.022674093257778055
0 0.5261552409817746 0.8295082603117069 0.1662766838903729 0.02180201274786356
0 0.6674322835879306 0.8356128238811089 0.09767301711042889 0.02005785172803394
0 0.7982443600751119 0.8260199382720488 0.13604455954666875 0.023546173767692836
0 0.5792936863046031 0.7017656373773541 0.10596125719340478 0.02008606248995875
0 0.29145686810783744 0.8545943737139956 0.2154157426459328 0.018339448360397057
0 0.4958107212665467 0.8519744525196532 0.15835968108025328 0.020086062489958464
0 0.7164663063011644 0.8563409878435573 0.18979873541236236 0.020086062489958607
0 0.2862170257191526 0.8786103179954678 0.2375395216203799 0.020959369554739454
0 0.5109480437227473 0.8768637038659061 0.1700037752773308 0.019212755425177763
0 0.640779694020161 0.8773003573982965 0.0663713369233415 0.018339448360396915
0 0.7665359113485973 0.8773003573982966 0.15719527166054562 0.021832676619520156
0 0.21518805111698014 0.900442994614988 0.09315275357661956 0.017466141295616067
0 0.29786111991623004 0.9013163016797688 0.0465763767883098 0.012226298906931419
0 0.42711056550378956 0.9013163016797688 0.18863432599265453 0.019212755425177443
0 0.5813948136150658 0.9017529552121591 0.08267306879924988 0.021832676619520156
0 0.7147196921716022 0.9021896087445499 0.1630173187590842 0.02270598368430045
0 0.2268321453140576 0.9262055530260218 0.11876976081018994 0.025325904878643543
0 0.37704096045635666 0.9279521671555835 0.13972913036492934 0.016592834230835508
0 0.557524420511057 0.9292621277527549 0.2026072390291476 0.026199211943424016
0 0.6803696142902242 0.9288254742203642 0.024452597813862696 0.02357929074908199
0 0.7723579584471361 0.9275155136231931 0.15486645282113018 0.019212755425177905
0 0.20645498046917204 0.9484748831779325 0.06404251808392594 0.013972913036492826
0 0.27457293152207524 0.9502214973074942 0.051234014467140716 0.019212755425177176
0 0.3409442684454166 0.9493481902427133 0.06520692750363387 0.017466141295616064
0 0.4096444242081735 0.948038229645542 0.04191873910947883 0.014846220101273531
0 0.5010505636552315 0.9528414185018367 0.10363243835398923 0.017466141295615828
0 0.609922844397909 0.9711808668622344 0.1141121231313582 0.04366535323904071
0 0.7537274077318113 0.9742374415889666 0.14787999630288284 0.034058975526451346
