0 0.2882604727923906 0.12662609003959122 0.11343312722459188 0.06139446789798351
0 0.4198195120992655 0.13046324428321568 0.11928019563823135 0.0441272738016759
0 0.5747668250606904 0.1395764856118222 0.16956498399552394 0.058516602215265945
0 0.7285447243393938 0.14149506273363463 0.10056957671458733 0.05467944797164186
0 0.32451229695695216 0.17938696088942116 0.1555320198027916 0.03453438819261542
0 0.43268306260927075 0.18658162509621654 0.014032964192733104 0.01438932841358998
0 0.5776903592675118 0.1846630479744044 0.2479157007382847 0.027819368266273674
0 0.39760065212743756 0.2307088988978917 0.13565198719641963 0.02014505977902567
0 0.2812439906960246 0.319922735062149 0.10641664512822474 0.04316798524076997
0 0.4011088931756207 0.3280766878298509 0.10992488617640923 0.024941502583555687
0 0.5227279161793074 0.32807668782985044 0.11460254090731943 0.0326158110708041
0 0.6367457502452644 0.32759704354939806 0.08536719883912633 0.03357509963170984
0 0.27948987017193405 0.36644823026609075 0.12395785036914225 0.030697233948991712
0 0.3835676879347048 0.36740751882699696 0.05145420204002135 0.021104348339931925
0 0.44788544048473095 0.36980574022926177 0.04911537467456577 0.020145059779026073
0 0.537345587213405 0.37076502879016787 0.10407781776277052 0.020145059779025917
0 0.25551688967601455 0.4129737254700316 0.06665657991548211 0.03357509963170969
0 0.32041934906740593 0.41633123543320294 0.023388273654555113 0.01726719409630796
0 0.39292299739652636 0.42112767823773234 0.09121426725276499 0.03261581107080366
0 0.4970008151592976 0.41345336975048497 0.07250364832912112 0.019185771218119926
0 0.6075104081770698 0.4187294568354678 0.1274660914173255 0.035493676753521525
0 0.2572710102001068 0.459019576393519 0.07016482096366522 0.03165652250989783
0 0.3484852774528718 0.45997886495442536 0.07484247569457646 0.020145059779025924
0 0.4508089746915507 0.46429566347850254 0.10407781776277039 0.019185771218119728
0 0.5630726882334157 0.4594992206739726 0.09238368093549285 0.024941502583555944
0 0.25200864862783184 0.5452972221305568 0.09238368093549293 0.03837154243623972
0 0.37011943058333574 0.5520122420568991 0.11811078195550358 0.019185771218119926
0 0.44905485416745855 0.551052953495993 0.021049446289099515 0.030697233948991903
0 0.5350067598479494 0.5544104634591641 0.1344825735136921 0.02973794538808584
0 0.6496093007552701 0.561605127665959 0.0643177525500267 0.03453438819261599
0 0.2297897886560046 0.592302361614951 0.038590651530016055 0.02494150258355589
0 0.35842529375605814 0.6057324014676349 0.19996973974644677 0.03453438819261585
0 0.5051867109383918 0.6028545357849169 0.06548716623275447 0.02877865682717996
0 0.6010786329220681 0.601415602943558 0.09355309461822074 0.031656522509897866
0 0.26428749229647297 0.6407464339407024 0.1099248861764086 0.02973794538808574
0 0.3847371016174323 0.6508189638302165 0.10524723144549847 0.03261581107080363
0 0.46776547309110356 0.6412260782211568 0.018710618923644076 0.026860079705367915
0 0.557225619819776 0.6522578966715749 0.13682140087914713 0.0316565225098979
0 0.6741669880925528 0.6441039439038747 0.0689954072809376 0.019185771218120026
0 0.28182869753738954 0.6925480162296275 0.1309743324655088 0.04316798524077055
0 0.45314780205700655 0.6882312177055507 0.16254850189915848 0.03069723394899185
0 0.6209586655284378 0.6963851704732492 0.13331315983096795 0.039330830997146175
0 0.2707192675514732 0.7755264767479789 0.12044960932096141 0.028778656827179047
0 0.42157363262335706 0.7803229195525261 0.15787084716824748 0.02302292546174357
0 0.518050261448397 0.7774450538698083 0.01637179155818856 0.017267194096308072
0 0.5893844960947903 0.777445053869808 0.10290840408004252 0.019185771218120054
0 0.7010635027952915 0.7755264767479964 0.09706133566640389 0.01726719409630803
0 0.28942988647512036 0.8268484147564672 0.14149905561005888 0.04124940811895783
0 0.388245342665616 0.8244501933542022 0.016371791558188634 0.023022925461743993
0 0.460748990994737 0.8340430789632624 0.09355309461822081 0.03261581107080403
0 0.5268208640688553 0.8297262804391852 0.022218859971827456 0.022063636900838048
0 0.5882150824120626 0.8258891261955611 0.07250364832912105 0.014389328413589909
0 0.26019454440692596 0.8733739099604062 0.11811078195550331 0.03261581107080389
0 0.4057865479065299 0.8719349771190409 0.13331315983096745 0.02781936826627283
0 0.5811986003156955 0.876731419923579 0.19880032606371884 0.03933083099714523
0 0.7747365648071391 0.8724146213995012 0.16254850189915807 0.036452965314427044
0 0.2666263196619283 0.9141436737989107 0.12395785036914188 0.03933083099714636
0 0.3800594468865199 0.9165418952011695 0.09121426725276745 0.02877865682717993
0 0.5022631767315725 0.919419760883896 0.12044960932095919 0.02494150258355603
