0 0.21277304208843817 0.07951062473998907 0.05301935272412283 0.03000117198899723
0 0.3948046110285621 0.08828725062247252 0.21556816184995506 0.040747961825757135
0 0.637016028837495 0.09944443064619116 0.24221141780893937 0.03395663485479653
0 0.9247461710637727 0.05481833356195296 0.015817993514427295 0.023886060148821088
0 0.21791748521878432 0.1253738584313657 0.03002620881928965 0.01749402675786498
0 0.34075197584315114 0.12719615288531 0.17560782733705793 0.024054286792064353
0 0.5090807222543203 0.13302749513793163 0.09735770738375754 0.019680780102598095
0 0.6687655600659981 0.14068113184449763 0.17105840175837778 0.026241040136797514
0 0.2893434668040645 0.1709312197799725 0.1692386315269057 0.028427793481530638
0 0.42855588951168044 0.1742113497970722 0.021837242777665297 0.017494026757864985
0 0.5509354375781769 0.1873318698654706 0.15559035479086442 0.032072382389418744
0 0.6946972858644719 0.18478065762994703 0.07552046460609499 0.02259645122890851
0 0.24111955567005364 0.20956386220359072 0.03639540462944201 0.028427793481530614
0 0.43810968322690874 0.22778680674303367 0.29571266261421664 0.041548313549929335
0 0.6451085470568608 0.22924464230618913 0.05459310694416317 0.018222944539442665
0 0.2761341360521261 0.30601834336120776 0.23153824784794966 0.028869655034076295
0 0.48199596341888395 0.31395749849557963 0.12612978481989473 0.02886965503407628
0 0.32253187832515934 0.3493228259123232 0.18559096909213096 0.03753055154429895
0 0.4626260321786859 0.35220979141573094 0.02612688399840678 0.0303131377857801
0 0.5946118427223611 0.36050981723802783 0.18018540688556392 0.03247836191333576
0 0.8036269147096152 0.36700548962069496 0.20541136384954284 0.03247836191333589
0 0.2725304279144157 0.3965968860306234 0.06756952758208655 0.03680881016844744
0 0.3648754489432671 0.40381429978914235 0.0684704546165143 0.019487017148001506
0 0.48514920803938044 0.4009273342857345 0.11621958744118879 0.03536532741674324
0 0.2837920158447632 0.4528927133470721 0.08288528716735949 0.03247836191333592
0 0.39235372349331576 0.4557796788504797 0.06396581944437513 0.023817465403113046
0 0.48695106210823724 0.4575840322901093 0.07657879792636459 0.024539206778964814
0 0.7504722196783721 0.46768841155203184 0.3892004788728187 0.050521896309632865
0 0.26802579274227656 0.5073841872238908 0.040541716549251906 0.03175662053748345
0 0.33874856494486055 0.5026928682808537 0.021622248826267666 0.032478361913335835
0 0.49460894190087307 0.5174885664858175 0.228835466744666 0.03175662053748364
0 0.70047076926763 0.518571178549595 0.13243627406088967 0.0267044309065201
0 0.3000087024644643 0.5524930232146353 0.06666860054765877 0.025260948154816845
0 0.4279403413532145 0.5586278249093765 0.11351680633790544 0.021652241275557305
0 0.5459617828632592 0.5600713076610803 0.05045191392795801 0.02742617228237255
0 0.678398056924149 0.5625974024765621 0.14955388771501832 0.031034879161632035
0 0.8324275715964256 0.5690930748592286 0.11712051447561692 0.03247836191333585
0 0.29550406729232515 0.597962729893305 0.04144264358367967 0.02814791365822427
0 0.45001305369669614 0.6091497212190101 0.19009560426427 0.03897403429600334
0 0.2837920158447635 0.648123755515012 0.025225956963978752 0.021652241275557142
0 0.48581731123345095 0.6575981315956302 0.2968883568648867 0.036757112401356186
0 0.8200416281283164 0.6763370516433801 0.29059072505260114 0.05261312167252944
0 0.5901780669798953 0.7563378256933925 0.1691363972442385 0.05117166628424242
0 0.7939514391917041 0.7570585533875357 0.1970259095557878 0.04973021089595273
0 0.19162793943097253 0.8835462637098527 0.12235398949583219 0.02594619698919317
0 0.16958622808797336 0.905528458381253 0.01709357206191772 0.00936946002387515
0 0.190728277743503 0.9235466507348588 0.129551282995587 0.019459647741895576
0 0.15159299433858628 0.9440873900179705 0.0260901889366113 0.017297464659462067
0 0.17498419821278952 0.9462495731004031 0.011695601937101579 0.01009018771801948
0 0.2010743871494007 0.943006298476753 0.024290865561672502 0.015135281577029197
0 0.26629985949092844 0.9426459346296765 0.08456819862211871 0.020180375436038126
0 0.35851518245653724 0.9368801130765267 0.08726718368452739 0.018738920047750178
0 0.4795196794211657 0.9368801130765272 0.1313506063705257 0.024504741600903747
