0 0.0854110884117146 0.06823999872351051 0.03250462473968088 0.040256689894445065
0 0.15768200937547308 0.07462215687750784 0.08714005781276142 0.037311078438753906
0 0.2455136549486533 0.06627625775304978 0.05394384531266184 0.032401726012602126
0 0.30291543906340884 0.07069467493658642 0.04702796770847442 0.02749237358645028
0 0.11756991927118608 0.11684258774241368 0.06915877604187416 0.029456114556911023
0 0.2112800608079255 0.11978819919810466 0.09613069869820516 0.035347337468293015
0 0.2780182796883342 0.11929726395548959 0.030429861458424697 0.01669179824891625
0 0.3350742699228803 0.11782445822764404 0.06431766171894296 0.033383596497832464
0 0.3907470846365891 0.11929726395548959 0.030429861458424697 0.018655539219376963
0 0.44987783815239146 0.11831539347025924 0.07538306588564282 0.0265105031012199
0 0.10512133958364873 0.16200863006301056 0.10650451510448622 0.04320230135013615
0 0.21542958737043805 0.16937265870223828 0.08644847005234273 0.028474244071680685
0 0.0878316455731802 0.20521093141314672 0.0497943187501494 0.03534733746829321
0 0.17808384830782534 0.21208402480975766 0.12102785807328009 0.037311078438753795
0 0.2925416226571278 0.21159308956714412 0.09820546197946133 0.032401726012602126
0 0.39005549687617036 0.2101202838392985 0.08022418020857408 0.03141985552737179
0 0.46682173828265067 0.21944805344898705 0.05394384531266184 0.03436546698306287
0 0.10719610286490493 0.25381352043204986 0.08990640885443636 0.04025668989444504
0 0.21473799961001908 0.2651050310121991 0.10028022526071748 0.03338359649783247
0 0.10961666002637056 0.3029070446935683 0.0878316455731802 0.03829294892398437
0 0.18361655039117572 0.31027107333279597 0.04771955546889315 0.03927481940921458
0 0.24101833450593146 0.3073254618771049 0.04357002890638071 0.027492373586450222
0 0.3167471942717837 0.3063435913918745 0.09405593541694877 0.027492373586450222
0 0.4225601216158502 0.3004523684804921 0.1065045151044861 0.03534733746829264
0 0.11169142330762678 0.34414560507324365 0.08091576796899275 0.032401726012602126
0 0.2112800608079255 0.35690992138123845 0.1002802252607175 0.042220430864905845
0 0.08921482109401768 0.43005927253090076 0.026280334895912177 0.029456114556911075
0 0.14004652148479516 0.44233265359628027 0.06846718828145541 0.03043798504214144
0 0.20228941992248184 0.43644143068489827 0.04495320442721822 0.02847424407168071
0 0.25035476927158457 0.44773294126504737 0.038728914583449556 0.027492373586450326
0 0.319859339193668 0.4388961068979739 0.0698503638022928 0.03534733746829314
0 0.09855125585967066 0.4879896311594923 0.0269719226563309 0.03534733746829315
0 0.14004652148479507 0.487989631159492 0.039420502343868485 0.023564891645528774
0 0.1839623442713853 0.49289898358564427 0.033196212500099624 0.02552863261598951
0 0.22995293033923164 0.4943717893134896 0.031121449218843446 0.028474244071680685
0 0.2735229592456123 0.49486272455610497 0.033887800260518366 0.023564891645528833
0 0.31328925546969 0.49044430737256833 0.029046685937587212 0.02061928018983764
0 0.36896207018339866 0.4874986959168773 0.06708401276061786 0.024546762130759205
0 0.45333577695448474 0.49142617785779785 0.08091576796899251 0.03240172601260197
0 0.07434568424501474 0.5282463210539374 0.039420502343868284 0.027492373586450257
0 0.13555120104207335 0.5331556734800893 0.06362607395852421 0.02356489164552876
0 0.19433616067766643 0.5307009972670134 0.042878441145961975 0.02651050310121988
0 0.2430930977871877 0.5380650259062412 0.04080367786470578 0.033383596497832645
0 0.2780182796883342 0.5375740906636259 0.013831755208374829 0.024546762130759136
0 0.2925416226571278 0.5380650259062412 0.009682228645862346 0.021601150675068084
0 0.34129855976664897 0.5365922201783956 0.06708401276061789 0.024546762130759136
0 0.43742925846485403 0.5424834430897778 0.107196102864905 0.03632920795352355
0 0.0867942639325519 0.5871234609606304 0.06708401276061784 0.04222043086490558
0 0.1390091398441671 0.5807413028066333 0.012448579687537346 0.02160115067506801
0 0.18638290143285086 0.5807413028066333 0.06431766171894296 0.02160115067506801
0 0.2735229592456123 0.580250367564018 0.09889704973988003 0.022583021160298387
0 0.3364574454437178 0.582705043777094 0.00899064088544364 0.021601150675068084
0 0.40769098476684823 0.5851597199901698 0.1099624539065799 0.03240172601260206
0 0.08299053125024901 0.6244345393993845 0.06362607395852424 0.026510503101220096
0 0.15387827669317 0.6263982803698454 0.06846718828145545 0.02061928018983771
0 0.20609315260478497 0.6224707984289239 0.030429861458424617 0.02847424407168063
0 0.2807846307300091 0.6317985680386122 0.10650451510448619 0.02552863261598965
0 0.39074708463658875 0.6308166975533817 0.09820546197946162 0.027492373586450337
0 0.46128903619930073 0.628362021340306 0.03596256354177456 0.02061928018983771
0 0.06500924947936172 0.6720552579330574 0.026280334895912177 0.01570992776368598
0 0.10408395794302062 0.6715643226904422 0.03527097578135583 0.028474244071680487
0 0.16771003190154463 0.6808920923001304 0.06985036380229279 0.033383596497832915
0 0.2320276936204878 0.6813830275427457 0.044953204427218195 0.030437985042141378
0 0.2735229592456123 0.6759827398739787 0.024205571614655988 0.023564891645528833
0 0.3326537127614146 0.6710733874478265 0.07469147812522388 0.02945611455691104
0 0.4080367786470576 0.6715643226904422 0.06777560052103666 0.030437985042141378
0 0.46336379948055695 0.6681277759921359 0.031813036979262105 0.03141985552737168
0 0.07987838632836466 0.7186941059814999 0.057401784114755564 0.022583021160298387
0 0.13313064388060777 0.7201669117093453 0.02973827369800592 0.019637409704607194
0 0.17151376458384796 0.7177122354962694 0.02351398385423723 0.02061928018983764
0 0.22822396093818476 0.7211487821945758 0.07330830260438663 0.027492373586450326
0 0.28942947773524336 0.7162394297684238 0.04218685338554323 0.025528632615989578
0 0.3423359414072772 0.7221306526798061 0.05671019635433687 0.02356489164552869
0 0.4104573358085231 0.7236034584076515 0.0587849596355931 0.02847424407168077
0 0.4744292036472566 0.7216397174371907 0.045644792187637145 0.024546762130759257
0 0.09128958437527392 0.7614054720890208 0.07330830260438663 0.023564891645528975
0 0.1435044602868889 0.7633692130594816 0.011756991927118588 0.017673668734146587
0 0.22234546497462504 0.7697513712134787 0.12932691119830447 0.04222043086490576
0 0.31951354531345866 0.7697513712134788 0.05117749427098694 0.02847424407168063
0 0.35582190273544256 0.761896407331636 0.014523342968793642 0.024546762130759278
0 0.3931676417980546 0.767296695000403 0.04357002890638071 0.029456114556910933
0 0.45160680755343835 0.7658238892725574 0.07192512708354919 0.032401726012602126
0 0.06570083723978046 0.8036259029539267 0.027663510416749658 0.027492373586450326
0 0.10062601914092692 0.8095171258653088 0.038037326823030765 0.019637409704607336
0 0.13071008671914217 0.8104989963505392 0.016598106250049795 0.017673668734146445
0 0.19156980963599132 0.820317701202842 0.09405593541694898 0.035347337468293986
0 0.27421454700603093 0.8144264782914603 0.06570083723978021 0.03141985552737163
0 0.35236396393334884 0.8149174135340758 0.07953259244815528 0.030437985042141378
0 0.46578435664202245 0.8104989963505392 0.05740178411475547 0.025528632615989578
0 0.4052704276053827 0.8129536725636151 0.01521493072921224 0.016691798248916142
0 0.4235975032564792 0.8144264782914605 0.014523342968793642 0.013746186793225092
0 0.07503727200543348 0.8576287796415967 0.05048590651056814 0.025528632615989578
0 0.11999047643265168 0.8541922329432904 0.013140167447956088 0.024546762130759136
0 0.1905324279953632 0.8595925206120572 0.10304657630239249 0.03731107843875436
0 0.26349493671954055 0.8586106501268271 0.022130808333399764 0.021601150675068084
0 0.3495976128916736 0.8625381320677481 0.13485961328165522 0.03534733746829309
0 0.4280928236992011 0.855665038671136 0.011065404166699863 0.029456114556911075
0 0.46301800560034756 0.8595925206120575 0.04633637994805568 0.029456114556910933
0 0.06362607395852424 0.9042676276900391 0.020747632812562252 0.016691798248916142
0 0.13693437656291085 0.9037766924474241 0.09820546197946128 0.021601150675068084
0 0.21024267916729747 0.9047585629326543 0.034579388020937074 0.025528632615989578
0 0.2711024020841467 0.9052494981752695 0.06639242500019918 0.02258302116029853
0 0.3485602312510458 0.9062313686604998 0.08437370677108647 0.024546762130759278
0 0.44676569323050713 0.9057404334178847 0.09405593541694884 0.023564891645528975
0 0.08299053125024901 0.9396149651583323 0.04564479218763696 0.03436546698306273
0 0.11826150703160483 0.9405968356435628 0.008299053125024897 0.02258302116029853
0 0.15456986445358875 0.9450152528270993 0.044953204427218195 0.01570992776368584
0 0.23617722018300027 0.9450152528270993 0.101663400781555 0.025528632615989578
0 0.29911170638110574 0.9464880585549449 0.010373816406281123 0.014728057278455395
0 0.35374713945418634 0.9469789937975602 0.08229894348983023 0.027492373586450326
0 0.42325170937626994 0.9455061880697148 0.042878441145962044 0.01865553921937689
0 0.47719555468893177 0.9455061880697145 0.0511774942709868 0.024546762130759136
0 0.5757468105486026 0.05203913571720942 0.1002802252607175 0.025528632615989505
0 0.6352233579446144 0.051548200474594276 0.014523342968793571 0.0206192801898377
0 0.6967746686218821 0.0530210062024397 0.10166340078155485 0.029456114556910964
0 0.7659334446637566 0.0505663299893639 0.029738273698005743 0.01865553921937697
0 0.8592977923202867 0.04958445950413354 0.13485961328165474 0.026510503101219912
0 0.9464378501330478 0.05056632998936389 0.028355098177168227 0.01865553921937694
0 0.5460085368505966 0.09475050182473042 0.05463543307308065 0.02847424407168063
0 0.6207000149758205 0.10162359522134298 0.0822989434898302 0.028474244071680685
0 0.6822513256530885 0.1011326599787278 0.029738273698005885 0.027492373586450274
0 0.72547556067926 0.10064172473611262 0.0373457390626119 0.0265105031012199
0 0.7680082079450128 0.09573237230996078 0.039420502343868125 0.0265105031012199
0 0.8371669839868866 0.09769611328042145 0.08921482109401765 0.022583021160298332
0 0.8915598346582442 0.09733191200848477 0.00901785333142513 0.013412615056763411
0 0.9340725717921058 0.10038023361229467 0.058830757447868934 0.019509258264383166
0 0.568124759879787 0.14235661889792076 0.09619043553520115 0.024996237151240906
0 0.6550826312899579 0.1457097726621118 0.06656034601766223 0.02804455875505079
0 0.701460162708716 0.1432711153790639 0.009017853331425272 0.01585127233981133
0 0.7482671157146847 0.1484532621055406 0.06999571871534765 0.024996237151241107
0 0.8101038242730288 0.14174695457715894 0.03735967808733289 0.022557579868193036
0 0.8448869728370973 0.14570977266211177 0.017606285075639647 0.018289929622859216
0 0.8800995429883767 0.14357594753944486 0.039936207610597164 0.022557579868193026
0 0.915312113139656 0.14449044402058783 0.013312069203532388 0.01950925826438315
0 0.9440833594827746 0.14235661889792095 0.029630089517539773 0.01646093666057334
0 0.5872811112168663 0.192109833528718 0.13071146989466315 0.03397861001188208
0 0.687615971910657 0.1914563987207972 0.058912211783510034 0.03789921885940697
0 0.7670168911932693 0.1875357898732719 0.08700258045407347 0.0248305227009907
0 0.8463546473656315 0.19400178434890727 0.06545202568286662 0.032808447603186415
0 0.9271260830963722 0.193248636941627 0.08058997869342335 0.025155359538959806
0 0.5424105658160213 0.23288994153811182 0.04572481060619779 0.027589749171762393
0 0.6172849431836693 0.2377587208037165 0.09259274147755127 0.0275897491717622
0 0.6710115956459526 0.23370140474904602 0.010288082386394422 0.016229264218683745
0 0.7201657670476151 0.2365415259873157 0.07201657670476166 0.02190950669522305
0 0.7730350793110314 0.2353243311709144 0.018861484375056536 0.017852190640552122
0 0.8259599396301567 0.23654152598731545 0.06687253551156438 0.03326999164830184
0 0.8811154924238856 0.23248420993264463 0.02857800662887374 0.030024138804564934
0 0.9336990246210122 0.2316727467217103 0.06058537405321166 0.02840121238269645
0 0.5669876515168527 0.27427456529575545 0.06973033617445168 0.035704381281104286
0 0.6344317471609945 0.28198346579963024 0.048011051136507776 0.01866365385148633
0 0.6867294992918331 0.27752041813949213 0.0291495667614511 0.022720969906157292
0 0.7321685298317422 0.2807662709832289 0.04801105113650763 0.025966822749894015
0 0.7993268454095951 0.28238919740509727 0.06458629498125433 0.027589749171762427
0 0.8636273603245606 0.2823891974050963 0.05029729166681801 0.017852190640552105
0 0.8944916074837443 0.2832006606160315 0.00685872159092952 0.02109804348428888
0 0.9142104320576672 0.27954907616682767 0.016575243844746693 0.023532433117091463
0 0.9399306380236534 0.2819834657996302 0.024577085700831277 0.013794874585881231
0 0.5338371638273592 0.3221508947408725 0.017146803977324154 0.025966822749893977
0 0.5812766548312893 0.3298597952447473 0.0663009753789867 0.02353243311709143
0 0.6455771697462551 0.3253967475846092 0.045153250473620406 0.025966822749893977
0 0.7247382481082352 0.3249910159791422 0.0960221022730154 0.02840121238269653
0 0.8018988660061939 0.3306712584556815 0.03772296875011321 0.02677828596082822
0 0.8444800958832155 0.3258024791900763 0.032578927556916 0.02190950669522312
0 0.8904524987496711 0.32928427153913603 0.05020927140640069 0.019441035607561295
0 0.9459869959112962 0.3336045016741497 0.0547737506251643 0.028081495877588517
0 0.5378464791001757 0.369246400288012 0.03423359414072763 0.021601150675068084
0 0.587675377238346 0.3697864290548887 0.03955881989595213 0.020521093141314638
0 0.6397865149858981 0.3730266016561486 0.043362552578254866 0.020521093141314624
0 0.6884742933193777 0.37140651535551883 0.03271210106780657 0.017280920540054437
0 0.7447695370174633 0.3741066591899023 0.06314196252623105 0.02484132327632828
0 0.7949788084238639 0.3708664865886421 0.015975677265672773 0.018360978073807887
0 0.8368198679291977 0.3751867167236557 0.05553449716162504 0.018360978073807887
0 0.8931151116272834 0.3773468317911625 0.04488404565117634 0.037802013681369144
0 0.9421832632289928 0.37248657288927206 0.03651583375010941 0.021601150675067807
0 0.5340427464178726 0.41514884547253167 0.029669114921964095 0.022681208208821458
0 0.5819697782148914 0.41784898930691516 0.03727658028657025 0.02808149587758848
0 0.6260930773296072 0.41892904684066856 0.01901866341151539 0.017280920540054437
0 0.6785845883453896 0.42108916190817536 0.07227092096375856 0.030241610945095376
0 0.7645489469654393 0.41676893177316177 0.09205033091173462 0.030241610945095303
0 0.8219853104682158 0.4205491331412986 0.01065045151044842 0.01404074793879424
0 0.8919739918225921 0.4210891619081751 0.1156334735420133 0.025921380810081874
0 0.5637131835173164 0.4648314920251883 0.08368211901066779 0.03132166847884868
0 0.6177261876060198 0.4637514344914346 0.01825791687505442 0.02268120820882144
0 0.6747821778405663 0.46645157832581835 0.0806391328648251 0.02808149587758848
0 0.7611269097288452 0.46753163585957125 0.07683540018252191 0.03024161094509584
0 0.8474716416171262 0.47347195229521544 0.09128958437527374 0.03132166847884875
0 0.9334360002371757 0.46429146325831155 0.06846718828145555 0.023761265742574835
0 0.5644739300537763 0.5139741098109678 0.09433257052111634 0.028081495877587986
0 0.6268551460435475 0.5128940522772146 0.015214930729212312 0.023761265742574835
0 0.7021690531531485 0.5101939084428312 0.1323698973441472 0.027001438343835175
0 0.7965016236742636 0.511813994743461 0.05173076447932194 0.017280920540053937
0 0.8360604435702169 0.5128940522772149 0.01673642380213366 0.021601150675068084
0 0.8999631526329085 0.5193743974797351 0.10498302203156512 0.030241610945095376
0 0.5667561696631589 0.5539362385598441 0.09281107744819515 0.030241610945095376
0 0.664512099598348 0.5560963536273509 0.07683540018252216 0.032401726012602196
0 0.7318381680751125 0.5593365262286111 0.05020927140640069 0.023761265742574977
0 0.8132380474763954 0.5614966412961171 0.09889704973987971 0.03240172601260337
0 0.9075706179975148 0.5636567563636247 0.07455316057314022 0.030241610945095376
0 0.5667561696631589 0.603078856345624 0.09737555666695882 0.03564189861386233
0 0.6740214313041056 0.6036188851125006 0.0988970497398801 0.030241610945095303
0 0.734881154220955 0.608479144014391 0.010650451510448704 0.018360978073807814
0 0.822747379182156 0.6073990864806376 0.1437810953910562 0.037802013681369144
0 0.9368593596512484 0.6127993741494046 0.06770644174499495 0.03132166847884861
0 0.56827766273608 0.6500613590638971 0.085203612083589 0.030241610945095303
0 0.6652728461348086 0.6511414165976503 0.0829213724742072 0.023761265742574835
0 0.7736792275804464 0.6511414165976503 0.12476243197954105 0.03240172601260206
0 0.8782818763437793 0.6527615028982791 0.06922793481791889 0.020521093141314603
0 0.9307733873595635 0.6500613590638971 0.03575508721364898 0.032401726012602126
0 0.534804815131813 0.6948837467146631 0.036515833750109576 0.018360978073807956
0 0.5831122201970621 0.6981239193159234 0.04488404565117641 0.0226812082088216
0 0.6371252242857658 0.6981239193159234 0.04488404565117634 0.0226812082088216
0 0.6839111362780937 0.6975838905490467 0.03347284760426703 0.021601150675068084
0 0.7474334720725551 0.699203976849677 0.08292137247420726 0.027001438343835248
0 0.8295940980103016 0.6986639480828002 0.06314196252623105 0.034561841080108874
0 0.9220248021902665 0.6975838905490467 0.09585406359403763 0.034561841080108874
0 0.5351851884000433 0.7402461631323061 0.03423359414072763 0.022681208208821458
0 0.5713206488819226 0.7397061343654294 0.015214930729212312 0.028081495877588337
0 0.6173458143377897 0.7407861918991828 0.057055990234546175 0.021601150675068084
0 0.6576653807702024 0.7429463069666897 0.00988970497398796 0.021601150675067942
0 0.7268933155881184 0.7424062781998131 0.1148727270055531 0.029161553411342
0 0.8284529782056106 0.7418662494329362 0.06998868135437661 0.023761265742574835
0 0.8976809130235267 0.7429463069666897 0.059338229843928045 0.021601150675067942
0 0.5911000588298986 0.7872286658505794 0.14910632114628072 0.02808149587758848
0 0.7021690531531477 0.7883087233843323 0.05781673677100665 0.023761265742574544
0 0.7641698958746888 0.7850685507830724 0.047927031797018745 0.04104218628262913
0 0.8147595405493196 0.7904688384518396 0.04260180604179453 0.02592138081008187
0 0.8782818763437811 0.7910088672187162 0.08139987940128592 0.022681208208821316
0 0.9410434656017814 0.7861486083168256 0.03347284760426716 0.023761265742574915
0 0.5523019854704071 0.8293509096669621 0.05629524369808564 0.023761265742574977
0 0.6124009618507958 0.8347511973357291 0.0547737506251643 0.025921380810081728
0 0.6953223343250028 0.8401514850044961 0.10650451510448633 0.034561841080108735
0 0.8307352178149925 0.8379913699369891 0.1475848280733598 0.03888207121512252
0 0.9262089081407998 0.8363712836363593 0.02814762184904282 0.020521093141314707
0 0.9539761567216122 0.8352912261026058 0.016736423802133516 0.01404074793879431
0 0.534804815131813 0.8779534986858653 0.024343889166739744 0.02808149587758862
0 0.6124009618507957 0.8844338438883855 0.11411198046909235 0.03240172601260198
0 0.7139606244682881 0.880113613753372 0.07227092096375856 0.02808149587758848
0 0.8162810336222407 0.880113613753372 0.11867645968785624 0.023761265742574977
0 0.9090921110704361 0.8811936712871252 0.05173076447932189 0.023761265742574977
0 0.9562583963309942 0.8828137575877554 0.02890836838550342 0.033481783546355504
0 0.5408907874234978 0.9206157712691245 0.041080312968873114 0.024841323276328212
0 0.600229017267426 0.9222358575697547 0.06085972291684925 0.02592138081008187
0 0.6580457540384327 0.9200757425022479 0.03803732682303064 0.030241610945095233
0 0.7493353384137049 0.9227758863366305 0.13236989734414703 0.029161553411340847
0 0.9326752537007108 0.9254760301710072 0.06238121598977788 0.0345618410801112
0 0.8596435862004951 0.928716202772275 0.06846718828145534 0.030241610945095095
