0 0.7959367393276099 0.03210841877412636 0.032886767145901386 0.02457681437031894
0 0.8341434246882895 0.026558815529215636 0.02031241500188017 0.019820011588966895
0 0.43514955857992677 0.06699163917070808 0.017410641430183133 0.019820011588966898
0 0.43756770322300775 0.12288407185159471 0.1595975464433451 0.020612812052525555
0 0.4269278667934514 0.17520890244646728 0.01837789928741543 0.019027211125408172
0 0.2626105082385951 0.22515533165066387 0.04933015071885208 0.01744161019829086
0 0.35944711802135987 0.22697323323953023 0.10900727166405652 0.010125926281365487
0 0.46373074124664043 0.2266754118783136 0.06613107814286096 0.009530283558932276
0 0.5800051643549673 0.22637759051709694 0.14606974402983575 0.013699782615965076
0 0.2384490464742569 0.2507989421368602 0.034155611788070646 0.014891068060831575
0 0.29295268230628535 0.25407497711024374 0.04868991467661186 0.00953028355893224
0 0.346366245421673 0.2510967634980774 0.027615175488227603 0.013104139893531652
0 0.4034133842591953 0.24930983533077772 0.06322421756515269 0.014295425338398268
0 0.2580703553737873 0.27700722192392446 0.022528169477238364 0.011317211726232089
0 0.3260182213777158 0.2773050432851411 0.08139209617582882 0.00833899811406571
0 0.42012783258101793 0.274922472395408 0.08502567189796402 0.01072156900379877
0 0.504426789334555 0.2743268296729747 0.06322421756515276 0.009530283558932205
0 0.5760082310606187 0.27134861606080846 0.055230350976455254 0.013104139893531794
0 0.6286950790315793 0.27194425878324174 0.018167878610676026 0.009530283558932205
0 0.6842887875802481 0.2716464374220251 0.07557837502041238 0.008934640836498886
0 0.2802351672788121 0.3002372880988218 0.06104407213187159 0.011317211726231981
0 0.3641707664601356 0.3005351094600384 0.07339822958713135 0.0119128544486653
0 0.30058319132276934 0.3484843486159162 0.11191413224176465 0.013699782615965148
0 0.3972363055315661 0.3487821699771328 0.052323490398747126 0.008338998114065745
0 0.44737965049703204 0.3475908845322664 0.027615175488227735 0.009530283558932168
0 0.5076970074844767 0.3463995990873998 0.06685779328728791 0.011912854448665229
0 0.5767349462050457 0.34550613500374994 0.049416629821039 0.012508497171098582
0 0.2700611552568335 0.37231005751324686 0.04650976924333079 0.014891068060831642
0 0.3369189485441214 0.3735013429581133 0.055230350976455275 0.012508497171098613
0 0.44192928691382916 0.37231005751324686 0.13734916229671107 0.010125926281365452
0 0.28386874300094733 0.39851833730031044 0.06831122357614205 0.018464924395431126
0 0.370711202759979 0.3958379450493608 0.09229282334223442 0.0119128544486653
0 0.45319337165244833 0.3952423023269276 0.05813721155416353 0.008338998114065745
0 0.5316786072505689 0.3952423023269276 0.08429895675353713 0.013104139893531866
0 0.278055021845531 0.4205571180303413 0.04505633895447669 0.014891068060831571
0 0.3757982087709682 0.4196636539466914 0.13008201085244075 0.011912854448665229
0 0.47572154112968673 0.4196636539466914 0.059590641843017524 0.011912854448665229
0 0.311483918489175 0.46761289310256926 0.12644843513030551 0.013699782615965076
0 0.4074103175535447 0.4670172503801359 0.04796319953218486 0.01727363895056463
0 0.48080854714067606 0.4658259649352694 0.09011267790895332 0.018464924395431268
0 0.27442144612339575 0.4935233515284162 0.053776920687601155 0.017869281672997915
0 0.36925777247112473 0.4938211728896328 0.10682712623077521 0.013699782615965096
0 0.4771749714185408 0.49203424472233304 0.07848523559812058 0.008934640836498886
0 0.2700611552568335 0.5182425245093967 0.03633575722135213 0.014891068060831571
0 0.3238380759444347 0.5182425245093967 0.040696048087914424 0.013699782615965005
0 0.3990530933926337 0.5182425245093967 0.08066538103140182 0.01727363895056463
0 0.4582803776634377 0.5152643108972303 0.026161745199373528 0.011317211726232018
0 0.4938894197403627 0.5149664895360138 0.030522036065935863 0.014295425338398431
0 0.5509365585778856 0.5143708468135805 0.05886392669859056 0.010721569003798805
0 0.6243347881650171 0.5122860972850642 0.05595706612088216 0.014891068060831663
0 0.2980396883172746 0.5402813052394275 0.08211881132025589 0.014891068060831642
0 0.3765249239153953 0.5402813052394275 0.0385159026546333 0.012508497171098653
0 0.45355672922466184 0.5417704120455107 0.08357224160910988 0.013104139893531866
0 0.28895574901193666 0.5894218298401718 0.07412494473155838 0.017869281672997984
0 0.3539967544381568 0.5900174725626051 0.05305020554317412 0.011912854448665085
0 0.4346621354695588 0.5894218298401718 0.07921195074254768 0.013104139893531866
0 0.5411259041281206 0.587634901672872 0.1133675625306187 0.0119128544486653
0 0.2860488884342285 0.6150344669048021 0.06685779328728796 0.01906056711786441
0 0.3412792394106837 0.6147366455435855 0.027615175488227662 0.010125926281365523
0 0.37289134819326014 0.6153322882660188 0.021074739188384227 0.011317211726232089
0 0.41322403870896096 0.6132475387375024 0.05087006010989299 0.015486710783264855
0 0.48008183199624893 0.6135453600987191 0.07703180530926666 0.008934640836499029
0 0.28277867028430675 0.639455818524566 0.04142276323234139 0.01429542533839836
0 0.3518166090048759 0.6391579971633494 0.07339822958713133 0.011317211726232018
0 0.42884841431414245 0.637073247634833 0.0646776478540069 0.010721569003798734
0 0.5385824011226259 0.6361797835511831 0.11845456854160802 0.010125926281365594
0 0.6345088001869954 0.6332015699390167 0.05741049640973641 0.013699782615965128
0 0.28386874300094733 0.6606011351709469 0.042149478376768496 0.014891068060831713
0 0.32529150623328884 0.6632815274218966 0.020348024043957233 0.010721569003798663
0 0.39214929952057676 0.6626858846994633 0.0697646538649962 0.011912854448665229
0 0.47027117754648384 0.6626858846994633 0.08066538103140175 0.011912854448665229
0 0.26424743410141716 0.7139111588287241 0.029068605777081764 0.02501699434219702
0 0.319114427505659 0.7112307665777741 0.05159677525432023 0.013699782615965592
0 0.38451879050409277 0.7109329452165578 0.04723648438775776 0.010721569003798663
0 0.4350254930417723 0.7097416597716912 0.01889459375510313 0.010721569003798805
0 0.512784013495466 0.7088481956880415 0.11046070195291051 0.010125926281365452
0 0.6290584366037928 0.7064656247983083 0.09301953848666145 0.01608235350569828
0 0.2896824641563637 0.7350564754751051 0.04214947837676853 0.013699782615965148
0 0.3645341240323491 0.7353542968363217 0.08139209617582885 0.011912854448665229
0 0.4531933716524484 0.732673904585372 0.06685779328728798 0.0208474952851644
0 0.2595237856626414 0.7597756484560856 0.054503635832028226 0.015486710783264784
0 0.3536333968659434 0.7591800057336522 0.11191413224176465 0.011912854448665371
0 0.489892486446014 0.7573930775663524 0.14752317431868966 0.015486710783264529
0 0.6108905579931165 0.7564996134827023 0.08284552646468296 0.012508497171098434
0 0.3085770579114668 0.7812187864636831 0.0712180841538503 0.015486710783264784
0 0.37216463304883307 0.7833035359921994 0.028341890632654698 0.012508497171098582
0 0.42194462044208547 0.7824100719085496 0.04505633895447666 0.013104139893531794
0 0.498249710606925 0.7821122505473329 0.07267151444270432 0.013699782615965148
