0 0.6412197800627033 0.0884126775637274 0.01777368260301735 0.03828177791419126
0 0.4761296128077535 0.16907785245434465 0.04033258744530869 0.030078539789721664
0 0.46621736674068615 0.21191698488213007 0.042383396976425944 0.037370307011472335
0 0.4730533985110774 0.38418498549599067 0.23379228654738216 0.11940268825616783
0 0.3725637314863255 0.49401722927361064 0.07109473041206947 0.043750603330504206
0 0.4357970253624449 0.4940172292736108 0.01709007942597822 0.02734412708156519
0 0.47783862075035133 0.4730533985110774 0.012304857186704439 0.023698243470689846
0 0.4846746525207425 0.49857458378720443 0.0451178096845823 0.020052359859814496
0 0.5656816289998788 0.5026762028494395 0.09228642890028241 0.04648501603866127
0 0.44024044601319917 0.5815184359346194 0.010937650832626176 0.025521185276127553
0 0.5065499541859947 0.5824299068373382 0.06972752405799121 0.030990010692440676
0 0.4805730334585078 0.7218849549533206 0.10390768290994763 0.06380296319031871
0 0.4798894302814687 0.7802190927273261 0.03964898426826949 0.02734412708156512
0 0.45083629525730573 0.5819741713859787 0.007519634947430447 0.024609714373408736
0 0.4003317400411936 0.6396714553224873 0.05824645447637188 0.01862480897283696
0 0.4643902841057347 0.6364062084869357 0.035843971985460216 0.018976220462890395
0 0.5283032488592194 0.6325406820963464 0.06720744747273677 0.02600445026396095
0 0.5959060342582679 0.6279723327256511 0.053238840743110104 0.023193158343533426
0 0.6599507783205215 0.6253367465502492 0.0674710060902769 0.02424739281369327
0 0.35843971985459794 0.6761157068629852 0.07854046802696277 0.018273397482782838
0 0.4530572635515088 0.666627596631539 0.08644722655316739 0.027410096224174098
0 0.5505739520413615 0.6645191276912172 0.08855569549348857 0.02459880430374696
0 0.6138280202509963 0.6518683140492902 0.020557572168131272 0.021084689403211742
0 0.6603461162468328 0.6536253714995606 0.06720744747273508 0.026707273244062812
