0 0.07333854742726585 0.05261312167253025 0.09235224490840885 0.02738765237748151
0 0.2802256843054172 0.04072111471915015 0.07696020409034077 0.036757112401356776
0 0.34767903965518643 0.04072111471915015 0.03259490996767376 0.03531565701306827
0 0.4327879712374441 0.06378440093176609 0.12132549821300721 0.04540584473108788
0 0.5785297058346632 0.04180220626036652 0.024446182475755335 0.018738920047750504
0 0.6210841716257928 0.04612657242523203 0.0479869507857419 0.012973098494596507
0 0.6831050419809498 0.047568027813520534 0.057946506609197715 0.025946196989193017
0 0.7944709843705005 0.052252757825458136 0.14305543819145658 0.02522546929504879
0 0.8981409063510182 0.052252757825458095 0.0516086074488161 0.0295498354599142
0 0.9515603421313737 0.04828875550766479 0.04617612245420446 0.01585600927117351
0 0.6591115665880788 0.07783859096757906 0.08058186075341553 0.02594619698919301
0 0.7654977310659027 0.07964041020293966 0.11046052822378309 0.02954983545991425
0 0.03350032413344245 0.07747822712050693 0.02716242497306144 0.022342558518471767
0 0.08737246699668097 0.0828836848265888 0.06971689076419103 0.018738920047750504
0 0.14622438777164745 0.08180259328537243 0.019013697481142983 0.023784013906760267
0 0.20462360146372952 0.08864950637974282 0.07786561825610949 0.021621830824327493
0 0.2933541897090636 0.09225314485046404 0.05432484994612294 0.033153473930635516
0 0.4386731633149423 0.1070280625804212 0.1566366506779876 0.03243274623649126
0 0.5817286015063992 0.11603715875722433 0.09325765907417746 0.04900948320180902
0 0.03168949580190501 0.10630733488627694 0.030784081636136308 0.02666692468333725
0 0.09235224490840889 0.11243352028650307 0.07243313326149715 0.030270563154058527
0 0.18017741898797424 0.11964079722794559 0.08148727491918432 0.02450474160090451
0 0.27479319931080487 0.12612734647524376 0.0642844057695787 0.018738920047750515
0 0.38615914170035603 0.13729862573447962 0.08601434574802766 0.042522933954510976
0 0.5165387815710518 0.13657789804033546 0.16387996400413735 0.02090110313018329
0 0.06518981993534746 0.13405535111083058 0.04345987995689831 0.02162183082432751
0 0.11725113446704856 0.1427040834405616 0.05341943578035417 0.014414553882884994
0 0.17383951982759324 0.14486626652299436 0.0543248499461229 0.017297464659461994
0 0.22046834936468201 0.14378517498177795 0.029878667470367583 0.012252370800452255
0 0.27343507806215184 0.14522663037006647 0.07243313326149714 0.012252370800452272
0 0.4087944958445748 0.15459609039394173 0.060662749106503926 0.022342558518471767
0 0.47488972994569084 0.1542357265468696 0.04979777911727929 0.012973098494596514
0 0.3386248979974994 0.1621637311824564 0.11408218488685808 0.02306328621261601
0 0.44410564830955457 0.17117282735925948 0.04979777911727936 0.01801819235360629
0 0.536005186135079 0.17045209966511507 0.0905414165768716 0.030991290848202725
0 0.6125126831425352 0.17585755737119715 0.03712198079651727 0.02162183082432747
0 0.6745335534976924 0.16684846119439395 0.018108283315374524 0.04396438934279927
0 0.7216150901176656 0.18126301507727902 0.08510893158225925 0.012252370800452219
0 0.7954063446278158 0.18162337892435113 0.03168949580190485 0.015856009271173477
0 0.8646705283091225 0.18198374277142323 0.0869197599137965 0.016576736965317737
0 0.9425361465652321 0.1798215596889905 0.06337899160381014 0.039640023177933796
0 0.04255446579112959 0.19099283894822638 0.043459879956898304 0.015856009271173477
0 0.10729157864359269 0.198560479736741 0.0552302641118916 0.02666692468333725
0 0.2915433613775258 0.20144339051331792 0.27705673472522613 0.041081478566222025
0 0.4572341537132009 0.20792993976061624 0.025351596641524025 0.015135281577029253
0 0.5350997719693104 0.20792993976061624 0.11951466988147033 0.025225469295048805
0 0.6496047178475044 0.21982194671399624 0.08329810325072128 0.04036075087207789
0 0.7066458102909361 0.20180375436039008 0.028973253304599055 0.014414553882885109
0 0.7740991656407056 0.221623765949357 0.08963600241110285 0.02666692468333725
0 0.8469850059850872 0.21621830824327518 0.03259490996767369 0.014414553882884994
0 0.8845596938644888 0.21657867209034726 0.028067839138830236 0.012252370800452255
0 0.9375264225619587 0.2194615828669243 0.059757334940735235 0.025225469295048732
0 0.18692066907557867 0.233838440307492 0.10059568471164926 0.032508139121125545
0 0.2954117861413409 0.2512088767943921 0.10681628272786621 0.02864097237845904
0 0.06465196059844532 0.2122750549674244 0.0191144926986708 0.014320486189229485
0 0.045537467899774524 0.24315360331295047 0.05284595040220747 0.034906185086246884
0 0.3713271302197662 0.23733590579857602 0.023049829430749805 0.028640972378458987
0 0.4536881061125684 0.2525514223746324 0.1191844838858296 0.029536002765285865
0 0.5402655142183125 0.24852378563391156 0.0157413469283172 0.02237575967067112
0 0.6051985702976199 0.2550127559384061 0.09276150868472703 0.04340897376110186
0 0.7420920694778071 0.2541177255515792 0.14392088620175553 0.039828852213794466
0 0.8394944804273379 0.2514326343910988 0.012930392119689032 0.010292849448508683
0 0.8945891946764477 0.24874754323061832 0.07477139790950628 0.016558062156296637
0 0.9544625321002254 0.24404863369977728 0.019114492698670923 0.021480729283844213
0 0.07983111656503682 0.277612273205784 0.1281795392734394 0.040276367407208004
0 0.16528414274732978 0.26821445414410205 0.020238874622122035 0.028640972378458994
0 0.23415253555871715 0.27000451491775584 0.07252263406260387 0.032221093925766414
0 0.3044264057744186 0.27089954530458266 0.035418030588713484 0.023270790057497878
0 0.16472195178560411 0.29059021381477346 0.015741346928317097 0.014320486189229513
0 0.1984534094891408 0.28947142583123964 0.04385089501459767 0.01566303176946974
0 0.23134158075008912 0.28991894102465304 0.009557246349335387 0.01476800138264295
0 0.3730137031049432 0.2816399099465048 0.07027387021570142 0.021480729283844088
0 0.45031496034221474 0.28163990994650484 0.06296538771326844 0.01253042541557587
0 0.5203077350770534 0.27984984917285116 0.05003499559357926 0.025060850831151636
0 0.6032309019315809 0.2874576074608793 0.08545302618229293 0.014320486189229556
0 0.6951491241737182 0.29551288094231937 0.07926892560331174 0.042961458567688376
0 0.797330158297916 0.2964079113291474 0.11187600138339418 0.034906185086247585
0 0.8656363601475789 0.28544378909051893 0.012368201157963483 0.010292849448508718
0 0.9153902602602955 0.2914852442016001 0.0747713979095063 0.026850911604805353
0 0.05593800069169834 0.3071482759710698 0.07589577983295755 0.029536002765285865
0 0.13183378052465597 0.3049107000040026 0.05903005098118909 0.020585698897017418
0 0.21925447507298848 0.3113996703084974 0.08770179002919537 0.01566303176946974
0 0.2957124458676716 0.3143085190656846 0.017990110775219496 0.01163539502874893
0 0.3443419640569369 0.3084908215513104 0.06465196059844543 0.027745941991632127
0 0.451439342265666 0.31855991340311207 0.06521415156017099 0.015663031769469846
0 0.5827109318285965 0.32639142928784687 0.15347813255109186 0.03311612431259324
0 0.6841864004200692 0.31990245898335234 0.016865728851768437 0.020138183703603936
0 0.7665473763128706 0.32325882293395275 0.10737847368959157 0.03669624585990106
0 0.8971190540042129 0.31967870138664556 0.12930392119689066 0.03669624585990076
0 0.055656905210835515 0.3456345826046242 0.08545302618229292 0.0170055773497101
0 0.1686572885176835 0.348543431361811 0.11468695619202476 0.048779156082063214
0 0.2482073096018574 0.34183070346061006 0.03204488481835987 0.028193457185045644
0 0.27969000345849165 0.3498859769420515 0.011806010196237829 0.010292849448508884
0 0.33506581318846446 0.34362076423426374 0.08657740810574413 0.01924315331677711
0 0.4356979953373482 0.3610738567773862 0.09557246349335506 0.03803879144014086
0 0.5343625091201935 0.3474246433782756 0.08601521714401905 0.025955881217978417
0 0.6223453946302514 0.35078100732887785 0.05621909617256213 0.023718305250912675
0 0.7224153858174105 0.35212355290911873 0.10681628272786625 0.02103321409043083
0 0.8427242516266902 0.3512994268295357 0.0989456092637096 0.030431033152113846
0 0.959097780703893 0.3521944572163631 0.033731457703536874 0.017900607736536928
0 0.04497527693804892 0.3915757942367442 0.07196044310087826 0.025060850831151667
0 0.10119437311061005 0.3857580967223697 0.025860784239378116 0.011635395028748973
0 0.16134880601525045 0.3895619758663833 0.07758235271813428 0.03893382182696762
0 0.38959833647584874 0.3824017327717691 0.07645797079468317 0.03535370027966032
0 0.2844686266331594 0.38128294478823554 0.10569190080441498 0.0196906685101905
0 0.22234652536247934 0.3830730055618892 0.014054774043140306 0.011635395028749045
0 0.4711160259260624 0.3788216112244613 0.06408976963671971 0.024613335637738872
0 0.5565690521083553 0.38441555114212944 0.08095549848848804 0.013425455802402696
0 0.6886839281138721 0.39605094617087744 0.15179155966591512 0.0384863066335559
0 0.8144769826305466 0.38889070307626356 0.07420920694778067 0.04296145856768864
0 0.88981057150178 0.3877719150927301 0.06521415156017096 0.0353537002796603
0 0.9479973360403808 0.3810591871915288 0.044413085976323145 0.012977940608989158
0 0.05256485492134464 0.43341846482089935 0.07589577983295749 0.03177357873235274
0 0.11665462455806437 0.4307333736604187 0.03766679443561596 0.025508366024565063
0 0.17315481621148834 0.4211117970020301 0.06408976963671971 0.012530425415575763
0 0.27378699836037207 0.4264819793229909 0.11356257426857329 0.046541580114996185
0 0.0697116792539758 0.45624173968498377 0.11468695619202471 0.0290884875718724
0 0.1540403235128175 0.45892683084546443 0.04609965886150016 0.017453092543123577
0 0.20604298747243657 0.46026937642570454 0.0297961209714574 0.01297794060898923
0 0.2611377017215463 0.4537804061212099 0.06802510636879923 0.026850911604805256
0 0.3406877228057202 0.47235228664786694 0.09894560926370696 0.03445866989283334
0 0.40449639696157746 0.4611644068125314 0.015179155966591439 0.010292849448508789
0 0.3614887883895681 0.4112664627469348 0.0157413469283172 0.023270790057497947
0 0.4160213116769522 0.41753167545472264 0.07083606117742731 0.01790060773653694
0 0.5051285791104607 0.43006210087029756 0.09613465445507745 0.037591276246729255
0 0.5720293035558096 0.41887422103496297 0.012930392119689032 0.007160243094614742
0 0.6737858676281454 0.42715325211311095 0.18271206256082365 0.03535370027966058
0 0.8096983594558804 0.4179791906481361 0.04891061367012824 0.013425455802402625
0 0.8957135765998987 0.4130565235205883 0.10512970984268988 0.014320486189229407
0 0.46929173213102265 0.4703384682775065 0.07870673464158574 0.032221093925766345
0 0.5390034113849986 0.4616119220059447 0.034855839626988044 0.012977940608989158
0 0.603374276502581 0.45646549728169034 0.08264207137366497 0.020585698897017366
0 0.7357702479889625 0.45736052766851726 0.14841841389556137 0.011635395028748973
0 0.8940270037147217 0.4506477997673157 0.14785622293383566 0.0187956381233634
0 0.023330924911612875 0.49517556151195136 0.018552301736945175 0.02013818370360397
0 0.08095549848848801 0.5036783501868054 0.08095549848848799 0.026403396411393793
0 0.19761012304655232 0.4976368950757232 0.12311982061790877 0.030431033152112465
0 0.2912149181738667 0.49070040957781713 0.05172156847875623 0.025508366024565063
0 0.34068772280572057 0.4971893798823118 0.02810954808628054 0.013425455802402696
0 0.39044162291843704 0.4931617431415907 0.06127881482809181 0.0214807292838437
0 0.4829220361222994 0.49562307670536404 0.09557246349335494 0.021033214090431927
0 0.565564107495965 0.49428053112512443 0.055094714249109895 0.013872970995816162
0 0.6282483997283707 0.4962943494954849 0.04441308597632336 0.014320486189229485
0 0.6732236766664198 0.4886865912074568 0.01967668366039632 0.02595588121797846
0 0.7226964812982736 0.48622525764368285 0.06577634252189644 0.028193457185045605
0 0.769639426602362 0.4860015000469762 0.0269851661628293 0.029536002765285896
0 0.8103982713274689 0.4898053791909904 0.046661849823225764 0.014768001382642948
0 0.0832042623353905 0.5222502307134638 0.11918448388582964 0.01790060773653659
0 0.185241921888589 0.5182225939727441 0.07926892560331131 0.022375759670669154
0 0.235839108443894 0.5162087756023823 0.01068162827278659 0.00850278867485514
0 0.2968368277911227 0.5164325331990893 0.09219931772300026 0.021480729283843633
0 0.38566299974376944 0.5141949572320219 0.07196044310087821 0.017005577349710067
0 0.47252150333037646 0.5146424724254354 0.08713959906746972 0.011635395028749045
0 0.0649330560793081 0.5365707169026929 0.11862229292410399 0.018795638123363715
0 0.15572689639799436 0.5356756865158662 0.015741346928317128 0.018795638123363715
0 0.21391366093659486 0.5414933840302402 0.0927615086847256 0.041171397794034385
0 0.3319737628989731 0.5414933840302404 0.10737847368959166 0.035801215473074036
0 0.44525524168668335 0.5488773847215598 0.09557246349335236 0.037143761053318104
0 0.5675317758620048 0.5446259903841343 0.11187600138339673 0.03401115469942046
0 0.5898816934211664 0.06981237017249382 0.045537467899774454 0.009845334255095279
0 0.6497550308449439 0.5338856257422125 0.032607075780085426 0.014320486189229487
0 0.7121582275964868 0.5316480497751453 0.07308482502432924 0.010740364641922184
0 0.8063252136855269 0.5222502307134634 0.08489083522056731 0.0214807292838443
0 0.9097683506430392 0.5206839275365163 0.10063218214888367 0.02550836602456529
0 0.7374568208741394 0.5491011423182688 0.1293039211968906 0.019690668510190648
0 0.8186934148434902 0.5446259903841345 0.030920502894908566 0.012530425415575763
0 0.855235827355655 0.5426121720137741 0.021925447507298797 0.010292849448508718
0 0.901616581698018 0.541940899223654 0.06184100578981711 0.010740364641922184
0 0.9395644716144967 0.5412696264335338 0.010681628272786554 0.006712727901201348
0 0.956711295947128 0.5394795656598802 0.02136325654557325 0.007607758288028208
0 0.8757557974586392 0.552681263865576 0.06858729733052454 0.009845334255095118
0 0.10119437311061003 0.5802034482605014 0.1349258308141467 0.020138183703603693
0 0.21166489708969277 0.5703581140054057 0.07702016175640876 0.019243153316777156
0 0.28221986278625694 0.5804272058572083 0.033731457703536624 0.03132606353893955
0 0.34434196405693684 0.5703581140054059 0.07364701598605504 0.012977940608988959
0 0.5009121468975201 0.5799796906637933 0.20801065583847575 0.029536002765288272
0 0.6896705891274624 0.558946476573364 0.12480639350308578 0.02864097237845897
0 0.8695716968796556 0.5589464765733535 0.21138380160883455 0.027745941991632325
0 0.09388589060817709 0.6137670877665083 0.14954279581901264 0.030878548345526155
0 0.25129935989134833 0.6135433301698014 0.13829897658450044 0.020585698897017387
0 0.42051883937075724 0.6133195725730941 0.18664739929290294 0.03803879144014057
0 0.619815535302485 0.6142146029599196 0.200702173336046 0.03087854834552735
0 0.7815888113695973 0.6115295117994412 0.0995078002254331 0.03624873066648703
0 0.8909349534252314 0.5913913280958372 0.08207988041193928 0.029088487571872435
0 0.9598033462366189 0.5927338736760774 0.03991555828251833 0.012082910222162298
0 0.06155991030895446 0.6659026077991719 0.09613465445507957 0.035801215473073855
0 0.17315481621148826 0.6596373950913837 0.09782122734025635 0.03580121547307336
0 0.27744123961158923 0.6524771519967691 0.09051274483782343 0.016110546962883207
0 0.35361811492540957 0.6439743633219142 0.044975276938048835 0.0214807292838443
0 0.41714569360040366 0.6544909703671297 0.06858729733052456 0.024613335637738345
0 0.4837653225648886 0.6471069696758082 0.052283759440481956 0.013425455802402836
0 0.5363301774862334 0.6421843025482604 0.033731457703536666 0.025060850831151667
0 0.6094150025105628 0.6417367873548472 0.08995055387609781 0.013425455802402696
0 0.7311293457241576 0.6504633336264088 0.1276173483117138 0.0335636395060066
0 0.8923404308295443 0.6296538771326845 0.15572689639799414 0.02416582044432537
0 0.07584799360121088 0.7056983457795654 0.12040443827277417 0.03519706996196416
0 0.207816699956681 0.6899950376426878 0.10407841274426255 0.0167862949049375
0 0.2806035637712959 0.6913487711027628 0.018366778719575764 0.009746880912544355
0 0.3336631467389591 0.6880998107985815 0.07822887232411883 0.010829867680604793
0 0.45576821267095324 0.6937854913308987 0.13741071486497397 0.04169499057032863
0 0.6129062083828792 0.6862045839544755 0.15781824677561387 0.0460269376425704
0 0.7680034509037409 0.6756454629658875 0.1238056935912131 0.03790453688211647
0 0.9057852276792135 0.671855009277674 0.14897498294766975 0.03790453688211684
0 0.023128536165391664 0.7349389885171972 0.017686527655887744 0.014620321368816462
0 0.11258155104036234 0.7371049620533168 0.14761448082029377 0.037363043498087396
0 0.2306051105902286 0.7222138939924865 0.06938560849617499 0.03357258980987496
0 0.3003308446182476 0.7222138939924864 0.04149531488496741 0.029240642737632924
0 0.3819609722608064 0.7227553873765161 0.08911288934312625 0.024908695665390966
0 0.4499860786296054 0.7224846406845018 0.030611297865959557 0.012454347832695447
0 0.5129093020207445 0.7192356803803203 0.0789091233878068 0.015703308136876898
0 0.5873967934945794 0.7170697068441992 0.03741380850283953 0.010288374296574573
0 0.6649454147550118 0.7218106809123125 0.0918338935978788 0.03357258980987198
0 0.7390927806970012 0.7080025996195398 0.022448285101703647 0.023284215513300524
0 0.7788874679227488 0.7204569474522353 0.06394359998667098 0.03086512288972372
0 0.8656194785429673 0.7066488661594643 0.08503138296099863 0.012995841216725807
0 0.953711991290562 0.699067958783041 0.06802510636879902 0.014078827984786244
0 0.8207229083395601 0.7201862007602202 0.011564268082695861 0.006497920608362762
0 0.07278686381461485 0.7793414460076769 0.11836368508171013 0.03411408319390501
0 0.13571008720575375 0.7471225896578777 0.017006276592199738 0.009746880912544305
0 0.21325870846618486 0.7487470698099685 0.11496242976327029 0.009746880912544355
0 0.16870226379462153 0.7777169658555863 0.058501591477167166 0.03303109642584459
0 0.2646176637746283 0.7658041114069212 0.1074796680627024 0.012454347832695455
0 0.21802046591200078 0.7877345934601456 0.06054234466823111 0.01732778828896784
0 0.1765251510270334 0.7915250471483575 0.012924770210071834 0.010829867680604793
0 0.36869607651889075 0.7594444711024138 0.06666460424142255 0.02869914935360226
0 0.416993902040738 0.7480731100377779 0.024489038292767603 0.01245434783269541
0 0.46189047224414526 0.7472608699617322 0.05442008509503928 0.011912854448665371
0 0.5265143232945043 0.7407629493533693 0.06530410211404707 0.020576748593149147
0 0.42311616161392984 0.7636381378707999 0.03401255318439951 0.012454347832695589
0 0.5047462892564886 0.7614721643346791 0.10884017019007843 0.018952268441058438
0 0.6245014128442297 0.7408954157415297 0.11292167657220631 0.01678629490493748
0 0.6173587766755056 0.7563279771863917 0.10543891487163848 0.014078827984786244
0 0.7408243447348766 0.7579524573384826 0.11564268082695835 0.029240642737632504
0 0.7040907872957244 0.7368342153613031 0.03537305531177538 0.00866389414448392
0 0.9068056042747453 0.7460396028898173 0.14693422975660556 0.03032362950569365
0 0.9258526340580093 0.7235676274525622 0.0734671148783029 0.01678629490493748
0 0.046937323394471306 0.8134555292015822 0.06666460424142302 0.014620321368816604
0 0.135710087205754 0.8185997163498694 0.0931943957252546 0.025991682433451613
0 0.20985745314774498 0.8074991019772494 0.04285581701234342 0.013537334600755884
0 0.2666584169656921 0.8137262758935973 0.058501591477167166 0.029240642737633066
0 0.3231192552517953 0.8031671549050076 0.03129154892964756 0.015703308136876898
0 0.36529482120045065 0.8018134214449318 0.044896570203407295 0.012995841216725666
0 0.4169939020407379 0.7993767012167958 0.03129154892964749 0.013537334600755884
0 0.46733248075364914 0.7955862475285841 0.0394545616939034 0.025450189049421253
0 0.54147984669564 0.7969399809886597 0.09251414466156667 0.017327788288967555
0 0.6329736147616747 0.7963984876046295 0.07006585955986296 0.015161814752846675
0 0.7482761700567897 0.7950447541445539 0.14557372762922985 0.04169499057032851
0 0.8387804979059464 0.7825904063118585 0.014965523401135812 0.01137136106463501
0 0.892860457469142 0.7804244327757379 0.07278686381461505 0.017869281672997915
0 0.9602053127742538 0.770677551863193 0.044216319139718144 0.025450189049421222
0 0.04115518935312339 0.8497355859316081 0.061902846795607085 0.014620321368816604
0 0.1156426808269583 0.8502770793156383 0.07890912338780687 0.03411408319390517
0 0.24284962973661273 0.8510893193916845 0.15917874890298989 0.03357258980987351
0 0.3683559509870463 0.8348445178707767 0.07550786806936682 0.030323629505693898
0 0.4302587977826537 0.8391764649430185 0.025169289356455665 0.012995841216725807
0 0.49318202117379256 0.8386349715589886 0.08435113189731049 0.04223648395435869
0 0.6010018147683386 0.8361982513308529 0.10952042125376614 0.03736304349808723
0 0.6863733232611827 0.8315955575665959 0.05169908084028598 0.04548544425853907
0 0.7510281106901969 0.8321370509506261 0.059862093604543185 0.036821550114056
0 0.8312977362053783 0.8215779299620358 0.08435113189731068 0.023284215513300278
0 0.8986425915104896 0.8158922494297183 0.04217556594865556 0.011912854448665371
0 0.9448996638412729 0.8123725424335216 0.04761757445815945 0.037363043498086765
0 0.046257072330783335 0.8933258033460427 0.06802510636879902 0.02599168243345169
0 0.16394050634880572 0.8930550566540275 0.13196870635547006 0.044943950874509905
0 0.2506725169690243 0.8819544422814076 0.014285272337447807 0.011912854448665086
0 0.32856126376129924 0.8876401228137258 0.13332920848284602 0.03952901703420724
0 0.42957854671896567 0.8722075613688632 0.06054234466823111 0.011912854448665371
0 0.47515536798606106 0.8676048676046062 0.017006276592199682 0.010288374296574573
0 0.5656287594565638 0.8646266539924399 0.07958937445149494 0.014078827984786244
0 0.6292322339113908 0.8635436672243795 0.024489038292767565 0.01516181475284668
0 0.6782103104969266 0.8667926275285612 0.047617574458158424 0.023825708897329805
0 0.7254877594232414 0.8597532135361676 0.03877431063021547 0.011912854448665371
0 0.8006864383394192 0.8602947069201977 0.10475866380795001 0.032489603041814356
0 0.8588479042847422 0.8494648392395932 0.010203765955319853 0.011912854448665371
0 0.9238118808669445 0.850006332623624 0.11156117444483034 0.04765141779466015
0 0.06870535743248696 0.9333963137642803 0.11428217869958225 0.03573856334599579
0 0.14761448082029383 0.921483459315615 0.03809405956652746 0.01516181475284668
0 0.2363872446315764 0.9193174857794945 0.12312544252752618 0.025991682433451575
0 0.32175875312441926 0.9090291114829196 0.014965523401135777 0.0238257088973306
0 0.36597507226413867 0.9092998581749347 0.05442008509503914 0.016786294904937618
0 0.45270708288435685 0.914714792015237 0.09727590210738249 0.03952901703420766
0 0.5305958296766322 0.9003652173384357 0.01632602552851175 0.012995841216725807
0 0.5996413126409635 0.9019896974905269 0.11768343401802259 0.033572589809874306
0 0.7040598509170697 0.8895353496578311 0.0721066127509269 0.01949376182508871
0 0.804087693657859 0.8914305765019368 0.0925141446615666 0.041694990570328515
0 0.872793051090346 0.8835789224334982 0.012244519146383652 0.011912854448665371
0 0.9391175297999256 0.8843911625095435 0.0999969063621347 0.028699149353602557
0 0.05169908084028725 0.9583050094296713 0.0625830978592951 0.023825708897330596
0 0.139111342524194 0.9537023156654143 0.10135740848951054 0.01678629490493748
0 0.35168979992669075 0.9710301039543823 0.14557372762922982 0.016786294904937434
0 0.26359728717909614 0.9742790642585638 0.015645774464823747 0.010288374296574573
0 0.2108778297432769 0.9453091682129456 0.025849540420143598 0.0238257088973306
0 0.3186976233378233 0.9447676748289154 0.18706904251419723 0.027074669201512053
0 0.5622275041381237 0.9344793005323409 0.03197179999333571 0.012995841216725807
0 0.6275316062521707 0.9439554347528701 0.07006585955986303 0.036280056730025906
0 0.7227976915471443 0.9266276464639026 0.08503138296099877 0.03411408319390517
0 0.8632695361987157 0.9258154063878574 0.1863887914505078 0.04331947072241911
0 0.7578306213270757 0.959387996197732 0.09115364253419074 0.015161814752846964
0 0.8612287830076503 0.9596587428897471 0.10203765955319832 0.0276161625855424
0 0.9758510872390764 0.9228371927756908 0.02789029361120754 0.02003525520911907
0 0.5183822469089033 0.9691348771102762 0.03945456169390347 0.01516181475284668
0 0.5595374362620266 0.9672396502661704 0.021087782974327608 0.016786294904937164
0 0.598651872424086 0.9669689035741552 0.039454561693903545 0.012995841216725666
0 0.6595343426241611 0.9691348771102761 0.07414736594199088 0.021659735361209666
0 0.4823289405334396 0.9439554347528702 0.11972418720908617 0.020035255209118658
0 0.524844632013939 0.9848381852471533 0.13945146805603784 0.014078827984786386
0 0.4595405298998921 0.9688641304182611 0.05101882977659926 0.014620321368816462
0 0.6326644256084861 0.982130718327004 0.05986209360454206 0.01516181475284669
0 0.6867443851716808 0.9832137050950626 0.026529791483831583 0.010829867680604932
0 0.955443555328437 0.9509948487452681 0.06598435317773443 0.033031096425842225
