0 0.23436040038336564 0.08252332097951669 0.06576706113208036 0.05261312167253029
0 0.32100589362086823 0.08072150174415604 0.07203059076370703 0.03315347393063552
0 0.3872949155555841 0.08468550406194943 0.018790588894880004 0.01945964774189477
0 0.46558903595091794 0.08396477636780515 0.11065569015873827 0.02810838007162575
0 0.24375569483080564 0.15099245192322047 0.026098040131777935 0.022342558518471767
0 0.2959517750943615 0.15603754578223022 0.049064315447742396 0.026666924683337267
0 0.3580651106079928 0.16540700580610548 0.06263529631626703 0.023784013906760285
0 0.45828158471401986 0.16360518657074494 0.09812863089548447 0.023063286212616056
0 0.565805510056945 0.1625240950295285 0.07933804200060464 0.022342558518471767
0 0.2876004022521924 0.17838010430070195 0.11169961176400939 0.022342558518471764
0 0.4071294260557346 0.18486665354799886 0.07725019879006405 0.01225237080045216
0 0.5031702137406768 0.1845062897009273 0.08142588521114882 0.017297464659461883
0 0.25001922446243235 0.20036229897210162 0.03444941297394689 0.020180375436039028
0 0.3309231488709439 0.20901103130183266 0.0918651012638583 0.02162183082432751
0 0.4379251134112333 0.2111732143842654 0.08873333644804489 0.01441455388288503
0 0.25419491088351676 0.22558776826715024 0.028185883342319962 0.02306328621261623
0 0.30534706954180124 0.236038319832242 0.05324000186882694 0.02234255851847168
0 0.41234903408209084 0.2317139536673764 0.12318274942199164 0.018018192353606247
0 0.49899452731959343 0.23423650059688142 0.018790588894879966 0.01585600927117352
0 0.5772886477149274 0.23603831983224205 0.12109490621144943 0.013693826188740736
0 0.29229804947591176 0.253335784491703 0.12735843584307774 0.026666924683339217
0 0.42278825013480203 0.25946196989193004 0.09604078768494267 0.024504741600904524
0 0.5433611955436161 0.26198451682143503 0.12213882781672063 0.022342558518471806
0 0.25001922446243235 0.2803630730221134 0.024010196921235724 0.021621830824327476
0 0.349713737765824 0.2886514415047723 0.12109490621144957 0.0281083800716258
0 0.4436666822402245 0.28973253304598867 0.022966275315964638 0.01873892004775044
0 0.533965901096176 0.2929758076696378 0.12840235744834735 0.02090110313018325
0 0.6566266897155322 0.3012641761522967 0.09604078768494262 0.0201803754360391
0 0.3324890312788505 0.31171472771738834 0.19521334018569875 0.029549835459914284
0 0.5021262921354069 0.319642732352975 0.10021647410602717 0.022342558518471767
0 0.2703756957652187 0.33333655854171473 0.06472313952681016 0.0266669246833393
0 0.34710393375264614 0.3398231077890141 0.038625099395031344 0.018018192353606324
0 0.389904719568762 0.33982310778901414 0.02401019692123569 0.02090110313018329
0 0.45880354551665564 0.3484718401187451 0.07829412039533373 0.028108380071625732
0 0.5365757051093538 0.34522856549509595 0.03549333457921783 0.01441455388288503
0 0.6153917863073229 0.3509943870482498 0.08664549323750258 0.01873892004775057
0 0.3230937368314089 0.36288639400162787 0.1638956920275676 0.03099129084820266
0 0.5057800177538535 0.3776613117315816 0.15554431918539913 0.027387652377481513
0 0.2505411852650679 0.3906344102261837 0.02714196173704902 0.023063286212615993
0 0.2969956966996326 0.3935173210027607 0.0260980401317779 0.018738920047750584
0 0.37633373870023734 0.4068507833444292 0.0949968660796719 0.02378401390676065
0 0.4608913887271969 0.4043282364149241 0.038625099395032884 0.017297464659462993
0 0.5621517844384962 0.4104544218151506 0.1304902006588896 0.022342558518471806
0 0.2990835399101748 0.4216257010743865 0.12005098460617837 0.02738765237748156
0 0.48072589922734876 0.4338780718748387 0.1952133401856986 0.024504741600904306
0 0.6289627671758473 0.4367609826514156 0.0657670611320804 0.015856009271173473
0 0.2755953037915743 0.4497340811460117 0.08142588521114778 0.027387652377482842
0 0.40556354364782876 0.45586026654623846 0.1075239253429249 0.023784013906760323
0 0.5438831563462515 0.4627071796406087 0.1294462790536185 0.023063286212615865
0 0.3304011880683083 0.4818064635354314 0.18059843771190306 0.03243274623649122
0 0.45410589829293563 0.48324791892371993 0.018790588894880073 0.020901103130183216
0 0.502648252938042 0.49009483201809023 0.04488862902665804 0.027387652377481662
0 0.596601197412443 0.4868515573944412 0.08038196360587598 0.02090110313018329
0 0.25576079329142354 0.5088240764406932 0.02087843210542232 0.0194596477418947
0 0.3403184433183839 0.5156709895350636 0.10439216052711163 0.01873892004775051
0 0.46245727113510454 0.5214368110882175 0.08977725805331595 0.01873892004775044
0 0.5992110014256208 0.5304459072650207 0.14197333831687176 0.026666924683337357
0 0.2672439309494057 0.53044590726502 0.05010823705301384 0.023784013906761606
0 0.3596309930158996 0.542698278065473 0.09082117965858708 0.03243274623649135
0 0.4869894288589758 0.5499055550069155 0.10961176855346728 0.022342558518471806
0 0.5741568828991139 0.5506262827010596 0.025054118526506863 0.016576736965317987
0 0.6326164927942939 0.5574731957954255 0.07098666915843632 0.020180375436040343
0 0.26202432292305017 0.5596353788778629 0.04593255063192906 0.023063286212615993
0 0.3721580522791529 0.5729688412195288 0.113787454974552 0.02522546929505384
0 0.4614133495298335 0.57441029660782 0.033405491368675655 0.010810915412163667
0 0.5412733523330738 0.5816175735492625 0.07620627718479156 0.02378401390676025
0 0.6367921792153806 0.5823383012434062 0.08768941484277472 0.028108380071626433
0 0.26098040131777905 0.5895455781848493 0.037581177789760174 0.025225469295048826
0 0.3622407970290773 0.6003564935970129 0.11065569015873822 0.026666924683337093
0 0.45880354551665564 0.6025186766794457 0.03862509939503141 0.012252370800452255
0 0.5303121754777271 0.6061223151501669 0.0626352963162669 0.015135281577029218
0 0.5924255109913585 0.6086448620796719 0.015658824079066703 0.011531643106308068
0 0.6566266897155322 0.6108070451621046 0.07725019879006247 0.02450474160090451
0 0.2735074605810325 0.6281045098215666 0.0584596098951825 0.03315347393063561
0 0.3987780532135663 0.6374739698454417 0.16702745684337855 0.03171201854234685
0 0.5548443332015984 0.6417983360103073 0.11378745497455188 0.03027056315405889
0 0.251585106870339 0.6529696152695433 0.02714196173704902 0.022342558518471663
0 0.34710393375264614 0.6590958006697695 0.12005098460617841 0.02018037543603896
0 0.4572376631087489 0.6673841691524283 0.05428392347409812 0.02378401390676018
0 0.5052580569512203 0.6670238053053561 0.01043921605271116 0.021621830824327476
0 0.6002549230308919 0.6717085353172938 0.1398854951063295 0.02090110313018329
0 0.7015153187421901 0.6763932653292312 0.04593255063192911 0.03027056315405828
0 0.2813368726205659 0.6792761761058084 0.08246980681641819 0.025946196989193027
0 0.3742458954896952 0.6900870915179723 0.04906431544774243 0.01441455388288503
0 0.484379624845798 0.6918889107533329 0.11274353336928065 0.02378401390676018
0 0.6075623742677897 0.6969340046123427 0.08768941484277377 0.01945964774189477
0 0.2708976565678546 0.709186375412793 0.06576706113208049 0.029549835459917632
0 0.36589452264752637 0.7160332885071651 0.06994274755316475 0.02450474160090451
0 0.4421007998323178 0.7181954715895981 0.040712942605573656 0.01873892004775044
0 0.5438831563462516 0.7192765631308142 0.11900706300090726 0.020901103130183146
0 0.6409678656364655 0.7217991100603192 0.05010823705301355 0.021621830824327334
0 0.27507334298893915 0.7362136639432042 0.06367921792153812 0.02018037543603896
0 0.3518015809763662 0.7419794854963581 0.04175686421084457 0.017297464659462067
0 0.42696393655588666 0.7484660347436564 0.07933804200060486 0.02018037543603896
0 0.5146533513986603 0.7463038516612237 0.0647231395268092 0.027387652377481687
0 0.5845960989518251 0.7506282178260892 0.037581177789760216 0.02018037543603896
0 0.6493192384786343 0.7553129478380269 0.07307451236897798 0.02666692468333736
0 0.3027372655286239 0.7617994970853228 0.14406118152741362 0.030991290848207034
0 0.4212223677268955 0.7769347786623544 0.046976472237200396 0.022342558518471663
0 0.5151753122012959 0.7769347786623544 0.09708470929021373 0.016576736965317595
0 0.619045511925772 0.7794573255918593 0.08351372842168941 0.027387652377481402
0 0.2766392253968459 0.7866646025332991 0.08768941484277365 0.027387652377486988
0 0.3810313859239575 0.801799884110331 0.08560157163223145 0.034594929318924134
0 0.48751138966161134 0.8025206118044753 0.08977725805331609 0.015856009271173407
0 0.5600639412279539 0.8054035225810523 0.017746667289608952 0.011531643106307997
0 0.6242651199521273 0.8039620671927635 0.09186510126385806 0.01585600927117302
0 0.27246353897576137 0.8147729826049276 0.0688988259478937 0.025946196989193027
0 0.42957374056906383 0.8299082641819453 0.19521334018569916 0.024504741600904625
0 0.5652835492543095 0.8345929941938944 0.015658824079066703 0.012252370800452468
0 0.6268749239653054 0.8342326303468223 0.06994274755316482 0.025946196989193027
0 0.24793138125189018 0.8493679119238515 0.030273726552862392 0.02882910776577006
0 0.3116105991734282 0.8605391911830875 0.061591374710995905 0.022342558518471806
0 0.4233102109374377 0.861980646571376 0.12213882781672054 0.03387420162477966
0 0.516219233806567 0.864863557347953 0.030273726552862427 0.013693826188740843
0 0.5866839421623673 0.8713501065952508 0.09186510126385825 0.028108380071626225
0 0.2672439309494058 0.8781970196896188 0.06472313952680919 0.02018037543603891
0 0.37685569950287295 0.8846835689369198 0.10230431731656936 0.02450474160090451
0 0.47498433039835786 0.8911701181842182 0.07307451236897819 0.023063286212616135
0 0.5804204125307407 0.8976566674315164 0.09186510126385826 0.023063286212615993
0 0.2588925581072368 0.9016206697493092 0.05010823705301361 0.023784013906761374
0 0.37059216987124627 0.9077468551495358 0.11900706300090719 0.021621830824327476
0 0.46715491835882444 0.9117108574673282 0.036537256184489324 0.015135281577029343
0 0.5882498245702739 0.9203595897970571 0.1805984377119029 0.026666924683337284
0 0.2588925581072369 0.9272065028914305 0.05637176668464022 0.023063286212615993
0 0.38207530752922864 0.9344137798328731 0.14614902473795635 0.023063286212615993
0 0.5230047242408293 0.9405399652330994 0.12318274942199167 0.02378401390676018
0 0.9070909771308706 0.04936984704888116 0.014614902473795582 0.022342558518471764
