0 0.3757521875928827 0.16720794953901497 0.09002728708682482 0.017086943748512447
0 0.47088740586193883 0.17412409343722238 0.050440820424533114 0.011391295832341655
0 0.5628301671421003 0.1812436533324359 0.09385823547349836 0.014239119790427033
0 0.4274699908129736 0.18999054120369824 0.1819700483669866 0.02115526368863449
0 0.35021253168172656 0.1999579250569972 0.019793233331145996 0.010170799850305057
0 0.3923529639351341 0.20463649298813752 0.01340831935335686 0.011391295832341655
0 0.4558828580141347 0.20992530891029612 0.07278801934679464 0.015459615772463664
0 0.5216474719853614 0.21480729283844255 0.02298569032004039 0.010577631844317282
0 0.5574029902609798 0.20829798093424728 0.035755518275618244 0.010577631844317245
0 0.6451955574555785 0.22152002073964394 0.09258125267794062 0.02156209568264671
0 0.35691669135840515 0.22070635675161954 0.03192456988894499 0.011798127826353842
0 0.4459862413485617 0.23209765258396114 0.13089073654467456 0.021562095682646713
0 0.527713140264261 0.23779330050013192 0.010854353762241331 0.00935713586228065
0 0.5791116977854623 0.2406411244582174 0.0715110365512367 0.014239119790427069
0 0.6857397612145387 0.24755726835642491 0.10598957203129739 0.016680111754500244
0 0.3658555709273098 0.24287870042528448 0.05618724300454316 0.016273279760488073
0 0.424916025221858 0.2461333563773821 0.01340831935335693 0.00813663988024402
0 0.47471835424861214 0.2510153403055285 0.026178147308934852 0.011391295832341655
0 0.5376097569298338 0.25589732423367495 0.04724836343563853 0.011391295832341657
0 0.6314679924033322 0.2644407961079312 0.09960465805350836 0.0154596157724637
0 0.3677710451206464 0.2717637720001507 0.05235629461786978 0.01790060773653689
0 0.4274699908129736 0.274204763964224 0.01723926774003026 0.008136639880243983
0 0.5363327741342762 0.2853926437995596 0.1621768150358408 0.02156209568264668
0 0.6831857956234231 0.3008522595720232 0.08300388171125704 0.01912110371857345
0 0.37958313597955606 0.2892575477426755 0.06704159676678444 0.015459615772463695
0 0.498023290267542 0.2996317635899866 0.11748241719131755 0.01912110371857345
0 0.6142287246633019 0.3112264754193344 0.08300388171125697 0.013018623808390507
0 0.7461996693828873 0.6320135026979554 0.07981142472236258 0.022375759670671017
0 0.8582549096930842 0.6468628704794008 0.08683483009793051 0.021968927676658864
0 0.6050930704737503 0.5815663354404425 0.05682573440232197 0.02725774359881747
0 0.7423687209962141 0.5874653993536186 0.171754186002525 0.043124191365293434
0 0.38022162737733495 0.306344491491188 0.05937969999343771 0.016273279760488108
0 0.456840595110803 0.31366746738340756 0.050440820424533114 0.011391295832341618
0 0.530586351554266 0.32261777125167607 0.06129517418677452 0.011391295832341655
0 0.6640310536900561 0.3333988190929994 0.16345379783139863 0.026444079610793095
0 0.8016259499114091 0.34946868285648136 0.09385823547349843 0.026037247616780945
0 0.46290626338970253 0.33319540309599327 0.21708707524482598 0.030919231544927293
0 0.6394491348755685 0.352926754805585 0.10535108063351842 0.019934767706597897
0 0.39746089511736543 0.35516433077265225 0.08364237310903612 0.020341599700610235
0 0.47024891446415995 0.3614702266798413 0.035117026877839595 0.01261179181437825
0 0.5162202951042408 0.37021711455110373 0.015962284944472712 0.013832287796414839
0 0.5669803612276633 0.37164102653014636 0.052356294617869704 0.013425455802402696
0 0.6308295010055534 0.37774350644032934 0.04214043225340746 0.015052783778451513
0 0.7195798052968204 0.3881177222876406 0.1047125892357397 0.0187142717245613
0 0.3850103128606767 0.37265810651517683 0.06001819139121658 0.013018623808390473
0 0.4721643886574965 0.3803879144014086 0.0670415967667845 0.013832287796414846
0 0.6193366558455331 0.39564411417686624 0.1711156946047452 0.02481675163474435
0 0.7508658837879865 0.4115105619433421 0.056187243004543176 0.010170799850305058
0 0.36202462254063633 0.39116896224273195 0.019154741933367064 0.010984463838329503
0 0.4577983322074711 0.4013397620930369 0.12897526235133785 0.01993476770659771
0 0.5503795848854118 0.4084593219882505 0.014046810751135907 0.011391295832341584
0 0.6052898450943967 0.41476521789543896 0.07151103655123821 0.01586644776647728
0 0.7211760337912676 0.4296145856768851 0.11556694299798095 0.021155263688634632
0 0.4166156370507323 0.41761304185352516 0.11812090858909656 0.024003087646719833
0 0.5219667176842507 0.4290043376858668 0.04916383762897524 0.011798127826353876
0 0.6167826902544173 0.43937855353317784 0.09577370966683503 0.016273279760487966
0 0.7106409257279158 0.4464981134283914 0.04980232902675425 0.011798127826353805
0 0.41789261984629006 0.4438537054673121 0.12067487418021215 0.02278259166468331
0 0.5436754252087335 0.45626208128468426 0.08364237310903597 0.015866447766475885
0 0.6480687687455835 0.4666362971319954 0.07661896773346796 0.015459615772463593
0 0.3923529639351341 0.4605338172218124 0.05682573440232204 0.013018623808390401
0 0.4903613934941953 0.47395927302421503 0.08172689891569923 0.018714271724561228
0 0.5663418698298844 0.47843442495834926 0.02553965591115606 0.011391295832341655
0 0.6145479703621914 0.4839266568775139 0.0453328892423019 0.011798127826353737
0 0.6471110316489153 0.47904467294936753 0.026178147308935137 0.009357135862280685
0 0.6975518520734483 0.4922667127547641 0.0632106483801111 0.01790060773653696
0 0.38884126124735013 0.4800617529343981 0.05618724300454318 0.014645951784439289
0 0.46450249188414977 0.4881983928146421 0.03639400967339778 0.013832287796415228
0 0.5168587865020197 0.4910462167727276 0.009577370966683532 0.012204959820366028
0 0.5593184644543164 0.4977589446739289 0.04852534623119631 0.011798127826353876
0 0.6289140268122165 0.5071160805362095 0.06257215698233244 0.016680111754500033
0 0.7272417020701673 0.5168800483925025 0.0970506924623929 0.015052783778451442
0 0.3875642784517923 0.5004033526350082 0.02809362150227166 0.01464595178443922
0 0.4670564574752653 0.5097604884972888 0.09258125267794046 0.01708694374851234
0 0.5803886805810201 0.5227791123056794 0.1034356064401819 0.016273279760488108
0 0.6563691569167094 0.5292884242098745 0.011492845160020124 0.006509311904195201
0 0.7170258397057049 0.5355943201170636 0.058741208595658775 0.01261179181437825
