0 0.8069481218829558 0.020639020332312626 0.016787119836264706 0.016380174866914787
0 0.8397229748966154 0.017690588856267966 0.018385893154004265 0.01834579585094456
0 0.4404293387911767 0.046519696622037976 0.011191413224176543 0.014414553882885008
0 0.43603271216739303 0.10286749816422486 0.010392026565306765 0.020966623829650945
0 0.2837495536527061 0.15790488571705852 0.0431668795789664 0.018345795850944563
0 0.3369087664675443 0.1598705067010883 0.03916994628461762 0.01179372590417863
0 0.40925325909525656 0.1588876962090734 0.07354357261601685 0.011138518909502081
0 0.46361155189839937 0.1592152997064117 0.0223828264483528 0.010483311914825464
0 0.5103756714422796 0.15593926473302874 0.045565039555575594 0.014414553882884994
0 0.2905226618951093 0.18366111413397562 0.04467205996751169 0.018307439730549043
0 0.35430443640427867 0.18528844211002443 0.05807367795776521 0.011798127826353842
0 0.4312396507927708 0.18345769813696958 0.07792792683221474 0.012204959820366073
0 0.4965104939675243 0.18325428213996342 0.021839673761894572 0.010170799850305058
0 0.5528469251487752 0.18203378615792684 0.06005910284521019 0.012611791814378355
0 0.29474168978092974 0.21193593771782365 0.04516841618937296 0.013832287796414846
0 0.3947574684859698 0.2096983617507565 0.11614735591553028 0.011798127826353805
0 0.5034594810735815 0.2078676177777016 0.08040970794152096 0.013018623808390401
0 0.5744384207997391 0.20827444977171383 0.04963562218612417 0.015459615772463664
0 0.2964789365574442 0.2371595213465801 0.04566477241123415 0.017086943748512516
0 0.37068419172569966 0.23756635334059234 0.07494978950104737 0.011391295832341618
0 0.4304951164599791 0.23756635334059234 0.0397084977488992 0.012204959820366063
0 0.4950214253019405 0.2337014493974764 0.05559189684845904 0.014239119790427033
0 0.32129674765050614 0.2662480089184525 0.08934411993502338 0.018307439730549043
0 0.41535625169321116 0.26299335296635507 0.08586962638199475 0.010984463838329612
0 0.4808752729788952 0.2623831049753367 0.019357892652588405 0.008950303868268464
0 0.5208319488387251 0.26299335296635495 0.039708497748899334 0.01179812782635388
0 0.32874209097842483 0.29004768056816643 0.10026395681597065 0.01464595178443922
0 0.43198418512556286 0.2882169365951115 0.07842428305407616 0.01342545580240266
0 0.4947732471910099 0.28882718458612977 0.019357892652588332 0.00813663988024402
0 0.5327444981633949 0.28781010460109924 0.0337522230865644 0.011798127826353842
0 0.3153404729881713 0.343749503777777 0.07941699549779858 0.01708694374851248
0 0.40443641481226367 0.34110509581669746 0.07991335171965978 0.012611791814378165
0 0.4627582708809598 0.3409016798196916 0.017868823987004775 0.009763967856292837
0 0.512145714956153 0.33947776784064876 0.05211740329543026 0.010984463838329383
0 0.573197530245086 0.33947776784064887 0.051124690851707795 0.011798127826353805
0 0.3302311596440085 0.3695833353975518 0.09827853192852576 0.011798127826353805
0 0.4148598954713501 0.3691765034035396 0.04814655352054047 0.01668011175450026
0 0.46548823010119666 0.3685662554125213 0.039212141527038114 0.01057763184431721
0 0.5151238522873207 0.36653209544246024 0.044175703745650455 0.01464595178443922
0 0.5751829551325309 0.36531159946042363 0.05807367795776507 0.010577631844317282
0 0.2910190181169705 0.39643424700235713 0.02382509864933958 0.013425455802402696
0 0.3543044364042787 0.3970444949933754 0.06700808995126764 0.008950303868268464
0 0.4401740627862732 0.39602741500834504 0.0789206392759373 0.015052783778451501
0 0.5295181827212968 0.39338300704726564 0.06700808995126749 0.008136639880243948
0 0.6042197941114136 0.39216251106522904 0.06055545906707138 0.009763967856292837
0 0.31782225409747755 0.4216578306311136 0.0734607208354637 0.013425455802402696
0 0.38532670027060634 0.42409882259518694 0.03176679819911947 0.008543471874256464
0 0.4376922816769672 0.4224714946191381 0.039212141527038044 0.00854347187425617
0 0.5123938930670839 0.4206407506460832 0.07147529594801867 0.007322975892219645
0 0.29027448378417864 0.44749166225088843 0.01637975532142093 0.013832287796414917
0 0.3508299428512497 0.4495258222209493 0.08189877660710479 0.009763967856292785
0 0.42329795124299124 0.44891557422993117 0.027299592202368286 0.00854347187425624
0 0.4729335734291152 0.4478984942449006 0.04020485397076051 0.009763967856292908
0 0.5203355926168638 0.44769507824789456 0.01886153643072717 0.007729807886231796
0 0.5727011740232247 0.44505067028681516 0.0541028281828752 0.008950303868268464
0 0.325267597425397 0.4733254938706633 0.06055545906706963 0.012611791814378237
0 0.41287447058390514 0.47495282184671217 0.0938113259317745 0.014239119790427206
0 0.515620208509182 0.4723084138856328 0.061051815288932616 0.008950303868268464
0 0.304420636107224 0.5251965731072191 0.05062833462984656 0.0195279357125856
0 0.3781295350536182 0.5266204850862618 0.07197165216987982 0.0117981278263538
0 0.43694774734417535 0.5286546450563229 0.03375222308656447 0.010984463838329503
0 0.49030604119425875 0.5233658291341642 0.06601537750754502 0.015866447766475816
0 0.3069024172165302 0.5534713966910672 0.04665748485495662 0.015866447766475816
0 0.37440686338965906 0.5538782286850793 0.06452630884196132 0.010984463838329432
0 0.45382385888745747 0.5514372367210061 0.07842428305407599 0.012611791814378059
0 0.5138829617326676 0.5510304047269938 0.01985424887444964 0.009357135862280614
0 0.5622776933641387 0.551233820724 0.05708096551404274 0.013018623808390473
0 0.2974716490011666 0.5811359722838968 0.022832386205617113 0.01261179181437832
0 0.35579350506986246 0.5805257242928785 0.06402995262010008 0.013018623808390615
0 0.43049511645997923 0.579508644307848 0.053606471961014035 0.009357135862280614
0 0.5262918672791987 0.5770676523437747 0.11019108125319547 0.00854347187425617
0 0.6129060279939853 0.5748300763767077 0.04715384107681785 0.012204959820366028
0 0.309632376436767 0.6065629719096592 0.04814655352054043 0.015459615772463735
0 0.38234856293943875 0.6055458919246288 0.07246800839174121 0.009357135862280543
0 0.45531292755304065 0.6047322279366045 0.06452630884196123 0.015866447766475954
0 0.5128902492889452 0.603715147951574 0.020846961318172107 0.0122049598203661
0 0.5667448993608898 0.6020878199755252 0.05906639040148768 0.012204959820365957
0 0.33866921541564965 0.6580272191522031 0.09728581948480325 0.02074843169462227
0 0.43545867867859156 0.6572135551641787 0.080409707941521 0.017493775742524788
0 0.5153720303982514 0.6545691472030992 0.06750444617312878 0.014645951784439337
0 0.5950372040069806 0.6537554832150748 0.07097893972615743 0.011391295832341655
0 0.29970525199954223 0.6842678827659898 0.019357892652588405 0.017086943748512363
0 0.3585234642900993 0.6854883787480265 0.06353359639823886 0.008950303868268322
0 0.480875272978895 0.6824371387929351 0.14443966056162114 0.010984463838329541
0 0.6084388219972341 0.6779619868588003 0.08388420149454985 0.015052783778451729
