0 0.04223864691959845 0.10018114948605081 0.027427692804933974 0.02162183082432751
0 0.10422523265874922 0.09837933025069018 0.05924381645865738 0.026666924683337284
0 0.21393600387848516 0.09765860255654595 0.10312812494655177 0.03819856778964526
0 0.3483316986226616 0.10342442410969994 0.09764258638556499 0.03243274623649125
0 0.4832759472229364 0.10054151333312294 0.12177895605390676 0.023784013906760316
0 0.6632016120233034 0.10306406026262778 0.17005169539059053 0.03459492931892399
0 0.7816892449406184 0.09729823870947381 0.03620455450251285 0.02162183082432751
0 0.8798803851822814 0.10018114948605072 0.11848763291731503 0.027387652377481485
0 0.03126756979762486 0.1398211726639846 0.03181612365372341 0.021621830824327528
0 0.08173452455870336 0.1383797172756961 0.025233477380539267 0.01873892004775051
0 0.17828000323207094 0.14198335574641724 0.11300209435632787 0.028829107765770003
0 0.3955073302471473 0.13837971727569587 0.2687913894883524 0.034594929318924085
0 0.5770786566158106 0.13441571495790267 0.043884308487894715 0.02378401390676018
0 0.6856923201233494 0.1387400811227682 0.13604135631247244 0.02666692468333727
0 0.13988123330516317 0.17441610198290852 0.17663434166377448 0.04180220626036654
0 0.32968086751530656 0.17729901275948565 0.16346904911740656 0.018738920047750546
0 0.46133379297898963 0.175497193524125 0.053758277897670584 0.02090110313018329
0 0.5392284405450021 0.17693864891241348 0.04059298535130232 0.016576736965317772
0 0.6593617350306122 0.1787404681477738 0.1382355717368663 0.03603638470721244
0 0.8222822302919206 0.17765937660655773 0.12397317147830166 0.02090110313018325
0 0.09764258638556488 0.2140561251608419 0.12068184834170935 0.037477840095501
0 0.2589174200785767 0.216218308243275 0.1514008642832356 0.030270563154058273
0 0.37795360685199014 0.21477685285498663 0.06034092417085482 0.015856009271173546
0 0.49589268591320623 0.2172993997844915 0.13165292546368307 0.02090110313018329
0 0.6121861034061264 0.2140561251608424 0.05485538560986804 0.01729746465946203
0 0.7339650594600322 0.21297503361962597 0.12945871003928833 0.020901103130183184
0 0.8837202621749728 0.21621830824327515 0.10422523265874929 0.027387652377481544
0 0.08338018612699924 0.25441687603292024 0.0987396940977623 0.031712018542346856
0 0.23203828112974137 0.2551376037270643 0.13713846402466967 0.0360363847072125
0 0.42403213076427904 0.2544168760329203 0.18979963421014362 0.03315347393063536
0 0.5672046872060332 0.25045287371512687 0.05924381645865725 0.028108380071625486
0 0.6692357044403892 0.2511736014092713 0.09435126324897297 0.02090110313018329
0 0.7613927522649672 0.2511736014092713 0.0482727393366838 0.019459647741894806
0 0.8815260467505778 0.25802051450364144 0.15249797199543247 0.030270563154058527
0 0.057049601034262674 0.2926154438225657 0.07460332442942043 0.021621830824327545
0 0.1492066488588408 0.2918947161284213 0.04827273933668378 0.023063286212616017
0 0.26550006635176066 0.2933361715167095 0.1535950797076306 0.037477840095502125
0 0.4344546540301542 0.29333617151671 0.1492066488588408 0.01873892004775051
0 0.5595249332206531 0.28757034996355596 0.0504669547610785 0.020180375436039028
0 0.6313854883695801 0.29009289689306084 0.04059298535130232 0.016576736965317806
0 0.7378049364527237 0.294056899210854 0.13713846402467048 0.030270563154058298
0 0.8908514623042555 0.2911739884342772 0.12726449461489367 0.02162183082432751
0 0.14426966415395262 0.32721037314148915 0.16346904911740637 0.038919295483789446
0 0.29841329771768166 0.32901219237685025 0.1075165557953412 0.025225469295048816
0 0.5052181014668833 0.3315347393063545 0.2775682511859314 0.03891929548378916
0 0.724091090050257 0.3326158308475716 0.1250702791904989 0.025225469295048767
0 0.8590353386505319 0.32721037314148965 0.08557440155139381 0.02162183082432747
0 0.143721110297854 0.3661296686252791 0.2457521275322084 0.0245047416009045
0 0.30664160555916187 0.3686522155547841 0.025233477380539285 0.018018192353606254
0 0.4492656081448186 0.37045403479014477 0.1919938496345379 0.030270563154058436
0 0.5737873334792184 0.36649003247235123 0.04169009306349914 0.01945964774189486
0 0.6763669045696704 0.3708143986372165 0.12836160232709004 0.039640023177934164
0 0.7805921372284209 0.36649003247235135 0.04498141620009179 0.02090110313018329
0 0.8743948466212952 0.37621985634329874 0.1119049866441307 0.03891929548378954
0 0.20845046531749822 0.39964350640298685 0.171148803102788 0.030991290848202766
0 0.3894732378300624 0.40721114719150153 0.12068184834170942 0.02882910776576999
0 0.34339471391777354 0.43712134649848783 0.15798351055641982 0.036757112401356755
0 0.5172862863010548 0.44288716805164186 0.1349442486002752 0.022342558518471806
0 0.6780125661379676 0.44649080652236267 0.12726449461489348 0.03819856778964531
0 0.2172273270150769 0.4764010058293493 0.17114880310278774 0.04324366164865506
0 0.41580382292279905 0.48216682738250355 0.15798351055641965 0.023063286212615993
0 0.5990208108597577 0.487572285088585 0.12945871003928827 0.03243274623649121
