0 0.09152471397056144 0.07419506184979559 0.01973242819143479 0.018294672784881102
0 0.14708707756223297 0.12027053404875541 0.0135011350783501 0.019649833731909344
0 0.17694535706243034 0.12840149973092477 0.03582993540023681 0.02236015562596581
0 0.2226415065583845 0.1273851290206536 0.03998413080895993 0.01897225325839523
0 0.24990341392812987 0.12399722665308303 0.010385488521807708 0.016261931364338747
0 0.29014718195013495 0.12162569499578364 0.06179365670475615 0.018294672784881102
0 0.3534986619331623 0.12874028996768186 0.06075510785257542 0.02845837988759284
0 0.1496834496926849 0.14161431896445 0.02180952589579629 0.016261931364338764
0 0.18577302230596693 0.14534101156877768 0.04309977736550221 0.019649833731909348
0 0.22393969262361046 0.14534101156877766 0.0270022701567002 0.014229189943796391
0 0.2644430978586607 0.14398585062174937 0.04881179605249649 0.01287402899676811
0 0.31325489391115724 0.14771254322607705 0.04154195408723101 0.02574805799353637
0 0.14604852871005222 0.15957020151257406 0.012462586226169333 0.015584350890824635
0 0.1966777852538651 0.16499084530068697 0.07633334063528706 0.016939511837852795
0 0.26236600015429923 0.1690563281417717 0.054004540313400365 0.018294672784881102
0 0.17746463148852068 0.17922003524448343 0.07425624293092552 0.018294672784881137
0 0.24185466032372888 0.18768979116340986 0.044138326217683 0.018972253258395213
0 0.18629229673205733 0.20056382016017804 0.09087302456581796 0.023037736099479886
0 0.2631449117934347 0.2039517225277487 0.0472539727742253 0.02439289704650789
0 0.3036483170284851 0.20530688347477685 0.029598642287152154 0.021682575152451696
0 0.17110092339678296 0.22461792696992913 0.05660091244385233 0.02100499467893755
0 0.22069163108841508 0.22698945862722855 0.03115646556542327 0.013551609470282316
0 0.24847281288425083 0.22597308791695736 0.014020409504440466 0.012874028996768204
0 0.2918322274627986 0.23139373170507035 0.0664671265395698 0.027780799414078638
0 0.1734376583141897 0.24528413141210964 0.05919728457430422 0.02032741420542341
0 0.23367349174067475 0.2479944533061661 0.05296599146121963 0.02710321894056456
0 0.3123435672933691 0.25070477520022316 0.09191157341799833 0.0230377360994798
0 0.18745806781863045 0.2601909018294202 0.09139229899190783 0.01761709231136693
0 0.240683696492895 0.26527275538077605 0.00882766524353667 0.01151886804973995
0 0.2780714551714032 0.2629012237234764 0.05763946129603272 0.014906770417310356
0 0.1775918537229128 0.27848557461430123 0.06542857768738898 0.0162619313643388
0 0.22874038469281607 0.2805183160348436 0.02752154458279058 0.01626193136433873
0 0.28222565058012605 0.2801795257980866 0.06387075440911773 0.012874028996768238
0 0.16253289536629154 0.29474750597864 0.031156465565423303 0.014906770417310611
0 0.22069163108841508 0.2974578278726965 0.07477551735701592 0.012196448523254091
0 0.2848220227105781 0.30423363260783776 0.050369619330767626 0.031168701781649422
0 0.11138436439638831 0.3442108805451704 0.02959864228715217 0.02032741420542351
0 0.1516281324183934 0.35132547551706866 0.04673469834813497 0.027780799414078673
0 0.19472790978389562 0.3438720903084133 0.03531066097414641 0.02100499467893762
0 0.17759185372291283 0.3902863527441302 0.04673469834813497 0.021682575152451658
0 0.25236737107992874 0.3913027234544016 0.09554649440063141 0.019649833731909327
0 0.17395693274028035 0.41061376694955404 0.03946485638286944 0.018972253258395452
0 0.25989685025823944 0.4129852986068533 0.11164400160943348 0.016939511837852795
0 0.189535165522992 0.430263600681463 0.06542857768738852 0.01761709231136696
0 0.26119503632346547 0.4299248104447059 0.0726984196526541 0.015584350890824576
0 0.17006237454460219 0.44855827346634414 0.02856009343497135 0.016261931364338764
0 0.22224945436668628 0.44957464417661536 0.06335147998302741 0.015584350890824591
0 0.28612020877580396 0.4529625465441859 0.058158735722123434 0.015584350890824581
0 0.17369729552723492 0.4648202048306828 0.02752154458279058 0.013551609470282245
0 0.21731634731882749 0.46685294625122525 0.05036961933076764 0.012196448523254091
0 0.2819660133670809 0.4705796388555528 0.07062132194829282 0.011518868049739908
0 0.18667915617949457 0.4817597166685356 0.05556236359167151 0.018972253258395216
0 0.22276872879277662 0.48480882879934933 0.00830839081744621 0.007453385208655163
0 0.2674263294365501 0.484131248325835 0.07165987080047359 0.018294672784881165
0 0.22484582649713813 0.5000543894534168 0.12878005767041628 0.016261931364338834
0 0.17239910946200893 0.5234309157896538 0.02388662360015786 0.016939511837852805
0 0.2129025146970593 0.524447286499925 0.04465760064377335 0.01626193136433885
0 0.26768596664959515 0.5271576083939814 0.05763946129603308 0.018972253258395213
0 0.1900544399490821 0.542403169048049 0.05815873572212347 0.016939511837852948
0 0.2689841527148211 0.5454522811788626 0.08619955473100446 0.02032741420542358
0 0.16694672798805985 0.5617142125432014 0.01194331180007893 0.01626193136433869
0 0.20173811453611587 0.5671348563313142 0.044138326217683 0.018972253258395286
0 0.26768596664959515 0.5647633246740148 0.07944898719182941 0.014229189943796428
0 0.1957664586360767 0.5779761439075434 0.06750567539174993 0.016261931364338785
0 0.2689841527148211 0.5850907388794383 0.06958277309611201 0.016939511837852805
0 0.1996610168317543 0.5969483971659352 0.07737188948746784 0.018972253258395213
0 0.26612814337132407 0.5986423483497222 0.0472539727742252 0.016939511837852972
0 0.18434242126208786 0.6142266992405453 0.04777324720031572 0.021004994678937478
0 0.24431861747552766 0.6179533918448731 0.06387075440911776 0.01761709231136699
0 0.1864195189664494 0.6389583865238107 0.04154195408723105 0.02845837988759294
0 0.2430204314103017 0.6382808060502969 0.04673469834813495 0.02845837988759252
0 0.29546714844543087 0.6348929036827264 0.04985034490467739 0.020327414205422514
0 0.18745806781863017 0.6616573323865333 0.05192744260903883 0.02100499467893755
0 0.2591179386191038 0.6606409616762622 0.08308390817446216 0.01761709231136692
0 0.18979480273603688 0.6792744246979002 0.04621542392204456 0.016939511837852868
0 0.23601022665808152 0.6809683758816857 0.031675739991513685 0.014906770417310469
0 0.2824852877931713 0.6799520051714143 0.05504308916558113 0.015584350890824652
0 0.17369729552723492 0.6965527267725102 0.009866214095717396 0.01626193136433869
0 0.21212360305792363 0.7016345803238662 0.047253972774225377 0.015584350890824652
0 0.2656088689452336 0.6999406291400808 0.05244671703512921 0.014906770417310469
0 0.20355557502743224 0.7172189312146906 0.06958277309611201 0.01829467278488096
0 0.27158052484527306 0.7206068335822614 0.05608163801776195 0.014229189943796601
0 0.20563267273179378 0.736529974709843 0.07165987080047355 0.017617092311367058
0 0.27235943648440863 0.7412730380244418 0.05556236359167155 0.016261931364338834
0 0.2170567101057823 0.7551634377314823 0.09035375013972766 0.021004994678937582
0 0.2926111391019337 0.7571961791520236 0.050369619330767786 0.01829467278488069
0 0.19992065404479953 0.7731193202796053 0.05919728457430427 0.014906770417310611
0 0.2775521807453125 0.7744744812266333 0.0867188291570947 0.013551609470282375
0 0.2157585240405565 0.7880260906969159 0.0877573780092753 0.017617092311366957
0 0.28040819008880974 0.7903976223542151 0.03427211212196564 0.014229189943796286
0 0.3175363115542725 0.7971734270893566 0.03271428884369431 0.02913596036110752
0 0.1975839191273928 0.8063207634817973 0.04933107047858689 0.01626193136433845
0 0.24250115698421135 0.8066595537185538 0.03531066097414641 0.015584350890824652
0 0.2019977517491611 0.8242766460299209 0.061274382278665857 0.02100499467893756
0 0.1957664586360764 0.8520574454439995 0.047773247200315755 0.016939511837852736
0 0.27339798533658943 0.855106557574813 0.10021996423544488 0.0216825751524519
0 0.18486169568817828 0.8700133279921236 0.01973242819143464 0.017617092311366912
0 0.22770183584063514 0.878144293674293 0.056600912443852264 0.023037736099480295
0 0.27677326910617717 0.8744176010699652 0.037387758678507736 0.014229189943796284
0 0.5867801014821389 0.11722142191794191 0.04361905179159273 0.024392897046508127
0 0.6638923537565614 0.12128690475902658 0.09502721997454103 0.0189722532583952
0 0.5792506223038282 0.13788762636012242 0.02025170261752507 0.014229189943796428
0 0.613782371638839 0.141275528727693 0.043619051791592645 0.018294672784881096
0 0.6641519909696066 0.14059794825417887 0.03427211212196582 0.01287402899676824
0 0.604435431969212 0.15482713819797533 0.10177778751371601 0.016939511837852913
0 0.5995023249213534 0.17922003524448343 0.05660091244385228 0.026425638467050483
0 0.6503912186782114 0.1890449521104381 0.04102267966114056 0.024392897046508183
0 0.5769138873864215 0.21004994678937566 0.013501135078350046 0.01761709231136699
0 0.6467562976955787 0.21479301010397442 0.11683674587033728 0.024392897046508145
0 0.611185999508387 0.23173252194182725 0.0778911639135584 0.020327414205423458
0 0.6581803350695674 0.2351204243093979 0.010904762947898092 0.016261931364338778
0 0.6898560750610809 0.23579800478291196 0.03790703310459847 0.012196448523254055
0 0.6028776086909409 0.2507047752002225 0.06335147998302737 0.017617092311367023
0 0.6439002883520816 0.2527375166207648 0.008308390817446139 0.01084128757622583
0 0.660517069986974 0.2561254189883356 0.012462586226169286 0.01626193136433873
0 0.6968662798133013 0.2578193701721208 0.0529659914612197 0.025070477520022224
0 0.6018390598387602 0.26730549680131843 0.05712018686994272 0.015584350890824517
0 0.6545454140869356 0.27272614058943184 0.04413832621768247 0.0142291899437963
0 0.6020986970518053 0.2835674281656566 0.056600912443852056 0.01558435089082466
0 0.594309580660449 0.30050694000350997 0.03894558195677986 0.016939511837853027
0 0.6602574327739289 0.3008457302402672 0.08568028030491406 0.021682575152451887
0 0.5800295339429637 0.3177852420781199 0.010385488521807745 0.016261931364338764
0 0.6239082229476015 0.3191404030251481 0.05452381473949082 0.017617092311367023
0 0.6838844191610411 0.32354467610299 0.06023583342648507 0.02100499467893747
0 0.6075510785257543 0.3364187050997581 0.06750567539175051 0.016939511837852875
0 0.6688254608044201 0.34150055865111395 0.050888893756858095 0.016261931364338834
0 0.5826259060734157 0.35268063646409686 0.019732428191434722 0.015584350890824652
0 0.6327358881911381 0.3601340216727521 0.0690634986700217 0.019649833731909327
0 0.6958277309611202 0.3625055533300515 0.04050340523505028 0.02303773609947996
0 0.5982041388561273 0.36928135806519274 0.04569614949595428 0.014906770417310467
0 0.5904150224647711 0.3872372406133164 0.029079367861062418 0.018294672784881096
0 0.6358515347476799 0.3916415136911586 0.05140816818294842 0.024392897046508457
0 0.6740182050653238 0.3913027234544014 0.01765533048707311 0.018294672784881033
0 0.5836644549255964 0.4051931231614408 0.013501135078350188 0.016261931364338622
0 0.6288413299954602 0.4129852986068531 0.06231293113084647 0.018294672784881127
0 0.6724603817870528 0.4085810255290113 0.01453968393053088 0.01490677041731063
0 0.6236485857345564 0.42619811784037837 0.09346939669627005 0.01761709231136699
0 0.6859615168654029 0.4292472299711918 0.023886623600158002 0.012874028996768204
0 0.7150408847264645 0.43060239091822006 0.031156465565423303 0.011518868049739837
0 0.6145612832779743 0.4485582734663438 0.07321769407874511 0.021682575152451613
0 0.6797302237523184 0.4488970637031012 0.049850344904677255 0.014229189943796428
0 0.5893764736125907 0.46685294625122525 0.025963721304519394 0.017617092311367058
0 0.6350726231085448 0.4702408486187958 0.06023583342648514 0.013551609470282245
0 0.6895964378480357 0.47532270217015166 0.04673469834813487 0.01829467278488112
0 0.7495726340614756 0.47430633145988055 0.06802494981784094 0.02168257515245166
0 0.595088492299585 0.4848088287993492 0.03842630753068874 0.014229189943796428
0 0.6252064090128276 0.4861639897463775 0.013501135078350188 0.014229189943796428
0 0.660257432773929 0.4861639897463775 0.0441383262176825 0.01964983373190937
0 0.6979048286654819 0.4909070530609763 0.02804081900888107 0.012874028996768204
0 0.7251667360352275 0.49124584329773335 0.022328800321886316 0.010841287576225935
0 0.7713821599572723 0.4946337456653039 0.06075510785257553 0.024392897046508044
0 0.6329955254041834 0.507168984425315 0.11527892259206624 0.027780799414078742
0 0.6088492645909804 0.5390152666804784 0.04725397277422548 0.022360155625965696
0 0.669864009656601 0.5393540569172356 0.06542857768738898 0.023037736099479886
0 0.6054141783835435 0.5571558282040482 0.03256528493156316 0.015566794071456785
0 0.6636125341275705 0.5605216215167943 0.0677099983725559 0.019774035712392186
0 0.6197622494672521 0.5741951568498361 0.060616569971619544 0.017670414891924082
0 0.6782830337749581 0.5788231226548635 0.04223814184192626 0.015146069907363098
0 0.6102506068387266 0.5950210029724605 0.04159328471456865 0.022298380696951888
0 0.6421710346429308 0.5969142617108814 0.00741585696461307 0.010938828266429255
0 0.6877946764034831 0.5973349858749741 0.07480342677348788 0.021877656532859113
0 0.6097669639932076 0.6095359866336811 0.038691427641459185 0.01430462157917659
0 0.6379794633151059 0.6110085212080114 0.011284999728759005 0.011359552430522654
0 0.6805400337207089 0.6122706937002816 0.05513528438908295 0.017249690727831314
0 0.5954188929095007 0.6238406082128611 0.010640142601401337 0.01598751823555048
0 0.6284678206865801 0.6276271256897019 0.04256057040560519 0.015987518235550776
0 0.6737690338834554 0.6305721948383559 0.04417271322399924 0.01767041489192427
0 0.6089608925840114 0.6408799368586452 0.03514471344099221 0.017249690727830683
0 0.6426546774884432 0.6429835576790935 0.029663427858461485 0.01724969072782955
0 0.7185866042348098 0.6452975405816258 0.03256528493156149 0.017670414891923274
0 0.6120239639389592 0.6621265071453603 0.0406259990235333 0.020194759876484395
0 0.6463626059707553 0.6614954208992233 0.022892428021196665 0.01640824239964388
0 0.6789278909023146 0.6440353680893377 0.03707928482306838 0.01598751823555078
0 0.6816685336935865 0.6604436104889896 0.0354671420046709 0.01682896656373721
0 0.7234230326899906 0.6659130246222036 0.03836899907778032 0.028609243158353698
0 0.6139585353210315 0.6827419911859419 0.04771942742446551 0.018511863220111013
0 0.6737690338834554 0.687580319073016 0.06609785555415947 0.011359552430522567
0 0.6165379638304614 0.6991502335855863 0.04771942742446625 0.014304621579177484
0 0.6687713911464318 0.7044092856367538 0.05287828444332753 0.017249690727830315
0 0.6005777499283608 0.7149273897390899 0.01321957111083396 0.017249690727829947
0 0.6334654634236023 0.7180828209697901 0.04159328471456867 0.02103620820467157
0 0.710848318706521 0.7262869421696121 0.10027528330411528 0.020615484040578166
0 0.6436219631794832 0.7342807012873875 0.10188742612250923 0.019774035712391013
0 0.603802035565148 0.7515303920152175 0.020957856639126922 0.014725345743269834
0 0.6650634626641273 0.7538443749177319 0.08479871224753169 0.013463173250989939
0 0.6058978212290625 0.7664660998405349 0.019345713820729672 0.012621724922802996
0 0.6486196059165072 0.7727769623019364 0.05900442715322541 0.026084898173792937
0 0.5984819642644496 0.7879230322092999 0.010317714037722468 0.016828966563737426
0 0.6133136781936757 0.7919199117681877 0.01225228541979547 0.02229838069695191
0 0.6470074630981121 0.7885541184554354 0.0454624274787161 0.01809113905601766
0 0.6104118211205661 0.8055934471012242 0.030308284985809734 0.01598751823555034
0 0.6500705344530603 0.8049623608550717 0.04127085615089214 0.01809113905601761
0 0.6958553904954554 0.8060141712653176 0.039981141896174674 0.01682896656373714
0 0.6155706781394253 0.8230534999111004 0.04062599902353225 0.01724969072783257
0 0.6565191057266384 0.8247363965674753 0.03288771349524055 0.013042449086896255
0 0.7008530332324757 0.8249467586495214 0.05126614162493347 0.015146069907362326
0 0.6105730354024056 0.840513552720979 0.03385499918627687 0.017670414891924224
0 0.634916391960157 0.8430378977055396 0.0096728569103648 0.010938828266429255
0 0.6745751052926512 0.8417757252132584 0.05739228433483116 0.01935331154829891
0 0.7218108898716004 0.847034777264427 0.03321014205891933 0.01640824239964429
0 0.628629034968412 0.8628119334179152 0.07190156970038217 0.03197503647110312
0 0.6858601050214116 0.8626015713358842 0.027728856476379207 0.011359552430522654
0 0.7161683900072215 0.8644948300743047 0.0238597137122332 0.016828966563737426
0 0.7501846034753369 0.8634430196640708 0.03707928482306525 0.01556679407145664
0 0.5564050367043619 0.9015185565145251 0.036434427695708704 0.01851186322011097
0 0.5886478930722453 0.9025703669247604 0.02611671365798493 0.017249690727830683
0 0.6242762493587555 0.913509195191189 0.042560570405605624 0.026505622337885105
0 0.6658695340733237 0.9046739877452277 0.038046570514101714 0.01977403571239115
0 0.89801809992208 0.07945552896356874 0.016766285311299072 0.0218776565328585
