0 0.3971231047004701 0.1526140892350451 0.12817694512689812 0.017441610198290877
0 0.6086671686090906 0.14476536464581424 0.25114344532993865 0.02790657631726544
0 0.18766321876139247 0.20711912110470415 0.055230716192891036 0.025290334787521934
0 0.326261053736006 0.2084272418695759 0.20945988593907758 0.04185986447589809
0 0.5508312299542708 0.20319475881008864 0.1834076613197893 0.027906576317265425
0 0.7076656221623862 0.06366187722376165 0.1385978349746135 0.0662781187535053
0 0.7993978704314805 0.057557313654359864 0.030220580558374337 0.02965073733709448
0 0.5795170946446873 0.3122048225494075 0.23447002157359426 0.048836508555214576
0 0.429977325329973 0.3082804602547911 0.050020271269033356 0.021802012747863593
0 0.2413592190863261 0.32005354713863754 0.2792798479187701 0.034883220396581455
0 0.20187629614329317 0.15389055208148647 0.21117531122720534 0.02313653549947391
