0 0.9149981785323973 0.1456727644163803 0.02500053572576561 0.06151917541090163
0 0.9362486338992977 0.12535982913919583 0.014166970244600492 0.02089330485653262
0 0.5329066575236137 0.19442380908162313 0.02083377977147137 0.03133995728479896
0 0.5779076218299916 0.1973256569783638 0.060834636932696286 0.02785773980871017
0 0.6420756635261232 0.19036122202618624 0.054167827405825264 0.02553626149131766
0 0.708327083199402 0.184557526232705 0.043334261924660354 0.02785773980871017
0 0.7558281010783565 0.18629863497074936 0.03666745239778962 0.024375522332621385
0 0.8020790921710227 0.19210233076423067 0.03583410120693074 0.024375522332621424
0 0.8337464374236592 0.1874593741294456 0.015833672626318105 0.017411087380443887
0 0.8624970535082894 0.18339678707400872 0.018333726198894597 0.020893304856532603
0 0.5512403837225084 0.24665707122295477 0.08083506551330856 0.02205404401522891
0 0.6168056085374992 0.2501392886990435 0.033628360299494404 0.02669700065001388
0 0.6719575448876006 0.24168994928953605 0.05743645316411104 0.01873892004775051
0 0.7319812256717166 0.2370052192775984 0.043982869540085116 0.02378401390676025
0 0.7702721944477906 0.2355637638893099 0.00879657390801711 0.022342558518471733
0 0.8165835688458801 0.23592412773638205 0.06830280916813208 0.023063286212615993
0 0.8998922982100411 0.23556376388930989 0.09003552117617412 0.026666924683337246
0 0.5089622048272854 0.28565433863233536 0.02018037543603896 0.021621830824327476
0 0.567692271801399 0.2766452424555322 0.07865171964815187 0.029549835459914235
0 0.6440154865915466 0.2798885170791813 0.06054112630811701 0.02162183082432751
0 0.6841175147016242 0.27448305937309947 0.015523365720030142 0.018018192353606254
0 0.7443999182477407 0.2716001485965225 0.09158785774817715 0.022342558518471733
0 0.8517518573737134 0.27123978474945026 0.11021589661221327 0.028829107765770027
0 0.9252291217818555 0.2643928716550799 0.01914548438803706 0.025225469295048805
0 0.9505839524579045 0.26547396319629635 0.01914548438803706 0.018738920047750546
0 0.5280896821110875 0.3231321787278364 0.058988789736113996 0.027387652377481694
0 0.5945814319452162 0.32205108718661996 0.06468069050012519 0.029549835459914145
0 0.6458085388213152 0.3119608994686004 0.024319939628046842 0.0194596477418949
0 0.7229079218974647 0.3119608994686001 0.12056480709223334 0.02810838007162553
0 0.7930217903995999 0.30042925636229245 0.012418692576023887 0.020901103130183216
0 0.8313127591756739 0.31015908023323985 0.0558841165921082 0.025946196989193097
0 0.8752956287157587 0.3043932586800858 0.01862803886403597 0.01441455388288503
0 0.9089295877758241 0.3029518032917973 0.03518629563206801 0.014414553882884994
0 0.9430809923598901 0.30403289483301366 0.016558256768031895 0.016576736965317737
0 0.5239501179190795 0.3613307465174816 0.049674770304096 0.018738920047750497
0 0.5637934232671565 0.35412346957603913 0.011383801528021991 0.021621830824327476
0 0.6284741137672817 0.35124055879946214 0.09727975851218801 0.033153473930635544
0 0.7094543382734382 0.34331255416387535 0.05226199792410106 0.02882910776577001
0 0.7575767720055313 0.34619546494045245 0.03777352325207303 0.021621830824327427
0 0.8201876804096523 0.34331255416387535 0.07089003678813711 0.025946196989192954
0 0.9125517064438307 0.34151073492851475 0.09624486746418598 0.023784013906760194
0 0.5291245731590896 0.4002500420012711 0.062093462880120145 0.025946196989193097
0 0.6007542533651614 0.3906344102261838 0.07554704650414612 0.021621830824327434
0 0.6959642297813449 0.388472227143751 0.10038443165619397 0.02738765237748139
0 0.7523657918974545 0.3798234948140201 0.010348910480020197 0.014414553882884967
0 0.7836712460995152 0.37694058403744307 0.037773523252072894 0.017297464659462067
0 0.8387791944056218 0.37910276711987584 0.06312835392812204 0.023063286212615993
0 0.8902650240437214 0.37405767326086603 0.02742461277205294 0.021621830824327545
0 0.9376112894898124 0.3751387648020823 0.05174455240010003 0.02666692468333708
0 0.5078727818069819 0.43207625263947824 0.019145484388037134 0.02090110313018329
0 0.569966244687102 0.4281122503216848 0.08123894726815713 0.0273876523774816
0 0.6245567474692071 0.41946351799195386 0.016558256768031965 0.015856009271173595
0 0.6462894594772496 0.41730133490952115 0.016558256768031895 0.017297464659462067
0 0.6969991208293478 0.41838242645073764 0.07451215545614417 0.026666924683337444
0 0.7603861975194701 0.416940971062449 0.04087819639607901 0.022342558518471806
0 0.7984184435335436 0.411175149509295 0.020697820960040046 0.01513528157702929
0 0.8646514706056715 0.4100940579680785 0.09727975851218808 0.027387652377481454
0 0.9389049032998154 0.4097336941210065 0.037773523252072894 0.0281083800716258
0 0.5451288595350529 0.46414863502889764 0.09055296670017515 0.03315347393063498
0 0.6149840052751889 0.44937371729894027 0.03363395906006503 0.01945964774189484
0 0.6809583095853164 0.4446889872870026 0.07968661069615407 0.023063286212615993
0 0.7658193755214806 0.4461304426752911 0.06933770021613413 0.02018037543603896
0 0.8395553626916233 0.4475718980635798 0.06261090840412126 0.023063286212616066
0 0.8910411923297227 0.4425268042045698 0.027942058296053885 0.01873892004775051
0 0.9151024091957694 0.44793226191065183 0.012936138100025118 0.022342558518471806
0 0.9430444674918234 0.44396825959285835 0.03052928591605905 0.015856009271173477
0 0.5265008206710179 0.4980228366536771 0.05019221582809706 0.02450474160090451
0 0.565309234971093 0.4864911935473691 0.012936138100025047 0.02450474160090451
0 0.589111729075139 0.4864911935473691 0.027424612772053082 0.012973098494596443
0 0.6349056579492276 0.48504973815908076 0.043465424016083956 0.023063286212616062
0 0.701138685021355 0.4782028250647104 0.06726791812012993 0.02234255851847201
0 0.7707351079994902 0.47640100582934963 0.06364579945212316 0.02162183082432751
0 0.8255843335435962 0.47640100582934963 0.03880841430007507 0.021621830824327476
0 0.8703433713696828 0.4749595504410611 0.03518629563206801 0.021621830824327476
0 0.9070820035737538 0.47351809505277265 0.03104673144006 0.023063286212615993
0 0.9477014772078323 0.4767613696764218 0.03570374115606896 0.02522546929504884
0 0.508907672854984 0.5282933998077357 0.017075702292033056 0.020180375436039028
0 0.5624632845890875 0.5228879421016536 0.071407482312138 0.023784013906759768
0 0.6261090840412105 0.5131581182307065 0.036221186680069975 0.025946196989193097
0 0.6581907065292725 0.5131581182307063 0.009314019432017772 0.017297464659462067
0 0.7086416451193698 0.5052301135951194 0.06882025469213376 0.023063286212615462
0 0.7932439882935332 0.5073922966775524 0.08486106593616488 0.03027056315405852
0 0.8716369851796847 0.5070319328304799 0.05847134421211284 0.02666692468333709
0 0.9114802905277622 0.506671568983408 0.0108663560040209 0.012973098494596443
0 0.9355415073938087 0.5063112051363361 0.02380249410404602 0.01657673696531768
0 0.5345212262930334 0.5596450545030106 0.05381433449610415 0.023784013906760174
0 0.6142078369891875 0.5524377775615682 0.08279128384016002 0.02810838007162584
0 0.6843217054913232 0.541626862149404 0.03880841430007454 0.02090110313018307
0 0.7226126742673972 0.5419872259964765 0.025354830676049146 0.017297464659461994
0 0.7870346420055219 0.543428681384765 0.08486106593616409 0.025946196989193093
0 0.8651689161296727 0.5448701367730535 0.061058571832117964 0.027387652377481544
0 0.9101866767177598 0.5398250429140437 0.014488474672028104 0.021621830824327545
0 0.9370938439658119 0.5383835875257552 0.026907167248052134 0.02450474160090451
0 0.5270182661950189 0.5946003476690063 0.04915732478009504 0.037477840095501154
0 0.5650505122090924 0.5884741622687807 0.010348910480019952 0.013693826188740772
0 0.6116206093691821 0.5845101599509871 0.06416324497612412 0.025946196989192757
0 0.6698332308192951 0.5798254299390496 0.03570374115606896 0.016576736965317806
0 0.7068305857853665 0.5783839745507611 0.01862803886403597 0.015135281577029147
0 0.7518483463734537 0.5787443383978331 0.054849225544106026 0.02450474160090447
0 0.8139418092535737 0.5791047022449053 0.054849225544106164 0.022342558518471806
0 0.8962156475697328 0.5819876130214823 0.08693084803216805 0.02954983545991432
0 0.5350386718170345 0.6299160046820749 0.055884116592107985 0.023063286212615886
0 0.6002368078411604 0.6237898192818484 0.058988789736113795 0.028108380071625628
0 0.6460307367152491 0.6126185400226126 0.01397102914802703 0.02306328621261598
0 0.6656936666272871 0.6126185400226131 0.008796573908017252 0.02018037543603896
0 0.7262347929354042 0.6129789038696849 0.09365763984418116 0.02378401390676018
0 0.7937614338175348 0.6129789038696852 0.021732712008041943 0.016576736965317893
0 0.8286890066876024 0.6176636338816227 0.03777352325207303 0.02882910776577006
0 0.860770629175664 0.6155014507991897 0.010866356004020987 0.017297464659462067
0 0.8845731232797104 0.6169429061874786 0.0201803754360391 0.017297464659461994
0 0.9316606659638014 0.6205465446581997 0.056401562116109055 0.027387652377481544
0 0.5381433449610405 0.667393844777576 0.07140748231213813 0.0201803754360391
0 0.597908302983156 0.6627091147656384 0.034668850108066994 0.022342558518471806
0 0.6323184303292225 0.6591054762949171 0.02069782096004012 0.023784013906760323
0 0.6804408640613155 0.6565829293654118 0.056919007640109945 0.021621830824327466
0 0.9166547457677723 0.6533299791166154 0.098832095084191 0.021621830824327618
0 0.7528832374214554 0.6518885237283265 0.06312835392812202 0.028829107765769888
0 0.8255843335435955 0.6565732537402644 0.06882025469213282 0.030991290848202867
0 0.5717773040211055 0.698375460000631 0.13039627204825208 0.033874201624779804
0 0.6499115781452567 0.6922492746004049 0.01862803886403587 0.020180375436038962
0 0.7241650108393998 0.6947718215299097 0.119529916044231 0.02810838007162573
0 0.8046277898215557 0.695132185376982 0.023802494104045877 0.023063286212615993
0 0.8387791944056218 0.6890059999767558 0.02794205829605417 0.01945964774189477
0 0.8667212527016757 0.6936907299886933 0.021732712008042027 0.02594619698919303
0 0.8874190736617158 0.6904474553650443 0.011383801528021991 0.018018192353606254
0 0.9094105084317583 0.6933303661416211 0.019145484388037284 0.018018192353606247
0 0.9259687651997903 0.6900870915179721 0.011901247052022938 0.021621830824327476
0 0.9502887048278373 0.6969340046123427 0.032599068012062984 0.026666924683337215
0 0.534262503531033 0.7434209408846466 0.05329688897210303 0.030270563154058436
0 0.6017891444131636 0.738736210872709 0.06312835392812215 0.023784013906760316
0 0.6537924195752641 0.7311685700841943 0.0325990680120632 0.017297464659462067
0 0.7101939816913726 0.7286460231546897 0.06468069050012486 0.03531565701306857
0 0.7689240486654865 0.7236009292956799 0.04139564192008018 0.028108380071625895
0 0.8035928987735538 0.7257631123781124 0.013453583624026034 0.016576736965317872
0 0.8455059862176347 0.730087478542978 0.05795389868811203 0.025225469295048833
0 0.9003552117617408 0.7300874785429781 0.033116513536063936 0.02522546929504884
0 0.9471840316838308 0.7318892977783387 0.0470875426840909 0.024504741600904715
0 0.5479748099170588 0.7783762340506428 0.07761682860015004 0.029549835459913833
0 0.6028240354611656 0.7726104124974889 0.01966292991203808 0.016576736965317876
0 0.6744902405353038 0.7733311401916331 0.1019367682281971 0.025225469295048784
0 0.755729187803461 0.7592769501558206 0.045017760588087125 0.024504741600904614
0 0.7955724931515382 0.7599976778499645 0.022250157532043034 0.023063286212616278
0 0.8543025601256505 0.757835494767532 0.07865171964815264 0.03027056315405858
0 0.90527094423975 0.7650427717089743 0.022250157532042993 0.015856009271173373
0 0.9420095764438213 0.7628805886265414 0.03570374115606896 0.02450474160090451
0 0.5350386718170346 0.8172955295344323 0.05691900764011017 0.02810838007162559
0 0.6230044108972045 0.8126107995224947 0.11176823318421611 0.03603638470721236
0 0.7174382190273871 0.8050431587339801 0.06571558154812707 0.019459647741894914
0 0.7689240486654865 0.8050431587339801 0.023802494104045776 0.016576736965317876
0 0.8457647089796353 0.8043224310398358 0.11539035185222318 0.018018192353606396
0 0.9202768644357794 0.8032413394986196 0.017075702292032986 0.017297464659461925
0 0.9533933779718433 0.8039620671927638 0.03363395906006488 0.021621830824327618
0 0.5407305725810453 0.8540526419357891 0.06623302707212807 0.03964002317793377
0 0.6017891444131633 0.8500886396179956 0.050709661352097785 0.03459492931892398
0 0.6633651617692823 0.8479264565355631 0.05795389868811171 0.024504741600904646
0 0.7202841694093925 0.8428813626765532 0.045535206112087966 0.01873892004775044
0 0.7565053560894627 0.8381966326646156 0.012418692576023887 0.019459647741894914
0 0.8224796603995904 0.8457642734531302 0.10504144137220309 0.027387652377481544
0 0.913808795385767 0.8464850011472741 0.07140748231213817 0.018738920047750435
0 0.5443526912490525 0.8969359397373721 0.05174455240009998 0.034594929318924134
0 0.6468069050012505 0.8900890266430019 0.10348910480020006 0.020901103130183663
0 0.7593513064714679 0.8893682989488574 0.10607633242020462 0.026666924683336958
0 0.5867832242171346 0.8918908458783623 0.012418692576024029 0.015856009271173546
0 0.8250668880195953 0.8947737566549395 0.010866356004021043 0.018738920047750584
0 0.8936284199497274 0.8908097543371458 0.10762866899220805 0.019459647741894733
0 0.5394369587710427 0.9333326882916569 0.04812243373209313 0.025225469295048895
0 0.5844547193591301 0.931170505209224 0.01914548438803685 0.016576736965317737
0 0.6204171832771995 0.9272065028914307 0.0279420582960541 0.02018037543603896
0 0.65172263747926 0.9333326882916569 0.021215266484040995 0.026666924683337215
0 0.707606754071368 0.928647958279719 0.07089003678813682 0.02018037543603896
0 0.7616798113294726 0.9300894136680077 0.013453583624026209 0.01441455388288503
0 0.8261017790675973 0.9318912329033683 0.09883209508419113 0.018018192353606254
0 0.8956982020457318 0.9329723244445848 0.02380249410404587 0.014414553882885033
0 0.9440793585398254 0.9340534159858009 0.05743645316411104 0.020901103130183004
