0 0.25163659446884623 0.11731887170719446 0.04920141414820242 0.0358225562464716
0 0.33466398084393717 0.12493116490956951 0.10865312291061344 0.029553608903338854
0 0.45630081026588065 0.13164789420578318 0.12232018239622494 0.05015157874506058
0 0.568370698047897 0.1329912400650258 0.08268570988795076 0.051047142651222316
0 0.2530033004174075 0.17597830756079197 0.04236788440539648 0.049256014838898514
0 0.3425225400481644 0.17329161584230657 0.09293600450215987 0.033135864527986246
0 0.4737263111100372 0.18135169099776272 0.17220494951870804 0.04388263140192779
0 0.25812844772451193 0.21806981115039611 0.03758441358543234 0.02776248109101555
0 0.34935606979096984 0.22836879607125657 0.10660306398777135 0.05015157874506063
0 0.4477588980873749 0.22075650286888152 0.06560188553093646 0.031344736715662694
0 0.537961490692411 0.23374217950822737 0.10933647588489323 0.04119593968344275
0 0.2553950358273894 0.2749381191916695 0.0635518266080946 0.048360450932737616
0 0.357214628995197 0.2709080816139418 0.11411994670485807 0.022389097654044825
0 0.5171192249768535 0.2776248109101547 0.20432253930989425 0.042987067495765835
0 0.2735038896458251 0.3322542091860231 0.06013506173669167 0.059107217806678006
0 0.32099692135832547 0.3362842467637522 0.02801747194550398 0.03492699234031023
0 0.39479904258062837 0.3358364648106707 0.11001982885917418 0.037613684058795664
0 0.48841840005706977 0.32553747988981113 0.06628523850521698 0.027762481091015603
0 0.5738375218421433 0.3224030062182448 0.08951923963075693 0.0465693231204132
0 0.32133859784546587 0.3859880435557305 0.16947153762158634 0.0465693231204129
0 0.46894284029007305 0.3891225172272981 0.09566941639928217 0.04925601483889845
0 0.5646122566893542 0.3810624420718403 0.08746918070791633 0.029553608903338843
0 0.2697454482872819 0.4406174418316013 0.03758441358543234 0.05015157874506031
0 0.3906989247349441 0.4495730808932185 0.16605477275018188 0.04836045093273749
0 0.5229277252582358 0.4468863891747329 0.08473576881079206 0.04836045093273695
0 0.6121052884018555 0.43076623886382154 0.08815253368219561 0.03403142843414782
0 0.2793123899272101 0.49076902057666033 0.0526181790196051 0.04477819530808947
0 0.3770318652493341 0.5059936069814119 0.14282077162464266 0.04298706749576603
0 0.5348864023081471 0.49793353182594996 0.1496543013674504 0.05194270655738424
0 0.6626734084986167 0.4943512762013071 0.08951923963075589 0.021493533747881547
0 0.7204167348253293 0.5216659753392434 0.0574016498395693 0.0564205260881927
0 0.7539010305650773 0.5256960129169709 0.03006753086834443 0.06806285686829598
