0 0.5849062788681612 0.4919813802370484 0.16348983057933877 0.05360784501899395
0 0.8031236374804138 0.5056811628530138 0.25908981625708705 0.07266841213685832
0 0.43076862080077616 0.04646013234979465 0.13093041516735177 0.0321647070113963
0 0.4148352898544844 0.0807095888897074 0.2029767811853653 0.024421351619763856
0 0.5952975816592196 0.07832701799997378 0.1524057742688761 0.029186493399229893
0 0.4286903602425642 0.10840697548285419 0.17388113337039834 0.02025185256273101
0 0.5343352719516706 0.10781133276042089 0.03463767597019888 0.01310413989353183
0 0.6185048245592537 0.10542876187068732 0.1101478095852329 0.021443138007597437
0 0.6902048138175658 0.10602440459312114 0.012469563349271623 0.01072156900379877
0 0.940076820571555 0.01280631853231519 0.027017387256755093 0.02084749528516426
0 0.7752014829534077 0.09857887056270492 0.14062896443900846 0.0315690642889629
0 0.32491169534082365 0.2540416211177874 0.13231592220615956 0.06015991496575986
0 0.4977536984321151 0.2805477222660672 0.2147535910152325 0.04646013234979482
0 0.6834116416323819 0.26774140373375255 0.13300867572556344 0.027995207954363457
0 0.25702185043923403 0.3082451088592145 0.05472752803291407 0.04705577507222798
0 0.3328783608139695 0.3109255011101642 0.06373332378516594 0.03692984879086256
0 0.5341232582008237 0.30735164477556143 0.2874927105526532 0.04050370512546151
0 0.7467985886578455 0.3028843243573147 0.0907507110419224 0.03276034973383037
0 0.31244213199155113 0.3636398820455071 0.14617099259423885 0.03990806240302917
0 0.4721218182141692 0.35440741984779256 0.12053911237629208 0.02144313800759761
0 0.6484275889024809 0.3469618858173765 0.16002606298231867 0.03395163517869581
0 0.8174594476370517 0.3591725616272584 0.13508693628377494 0.025016994342197126
0 0.3377276354497964 0.39669805314055323 0.1634898305793385 0.05360784501899343
0 0.47801022312910296 0.39520894633447123 0.045028978761258574 0.013699782615965148
0 0.593007307350162 0.397591517224204 0.15725504890470257 0.047055775072228405
0 0.8230014757922827 0.38716776958161964 0.24869851346602978 0.03931241968059549
0 0.2871566285333072 0.4342235446538501 0.06650433786278186 0.03335599245626291
0 0.42951747677082225 0.44137125732304944 0.17665214744801397 0.05837298679845982
0 0.5926609305904607 0.44345600685156555 0.10391302791059659 0.04467320418249488
0 0.7197812014010897 0.4297562242355996 0.1073767955076186 0.0387167769581641
