0 0.9177875544722047 0.035053574215197635 0.05071048041901363 0.041278040664625246
0 0.48943766305402064 0.20704541031780285 0.17902336269136662 0.07469359739313142
0 0.28621157107176104 0.2807561972189193 0.20745196535051072 0.03472597071785938
0 0.5286230342868948 0.28337702519762553 0.23588056800965443 0.030794728749799972
0 0.6980421393231454 0.2778077657428747 0.04149039307010213 0.018345795850944525
0 0.7963897377115355 0.28698066366834685 0.11217772941175767 0.043243661648655
0 0.22704934391624504 0.3397248267398125 0.18286506575341313 0.04783011061139117
0 0.4106827502820669 0.3203962203968511 0.17518165962932133 0.043243661648654654
0 0.2055358067687847 0.5713404993579876 0.0783707424657485 0.039312419680595456
0 0.29658416933928633 0.5785477762994301 0.0852858079774321 0.03669159170188922
0 0.3910900646656304 0.5608571874431622 0.049942139806604474 0.03276034973382963
0 0.5251655015310529 0.5618399979351776 0.16903493473004552 0.05045093859009861
0 0.6753760912570717 0.5490634615389838 0.08067576430297527 0.035381177712536474
0 0.8063781656728564 0.5585639629617947 0.15827816615631485 0.039967626675271546
0 0.9170192138597956 0.5520118930150282 0.056857205318287925 0.03472597071785934
0 0.17825971502825402 0.6273606974028357 0.08835917042706928 0.04914052460074406
0 0.3134876628122903 0.6119633330279349 0.12831288227235296 0.04324366164865492
0 0.5255496718372566 0.6001696071237584 0.2558574239322975 0.038002005691242104
0 0.753362663416614 0.5890310882142553 0.1505947600322225 0.02227703781900391
0 0.8655403928283709 0.5818238112728126 0.04763711796937844 0.015724967872238163
0 0.9231659387590675 0.5870654672302242 0.061467248992747164 0.032760349733829484
0 0.20169410370673801 0.6558622016712679 0.09527423593875302 0.026208279787063547
0 0.3711132087429884 0.6404648372963672 0.19592685616437147 0.030794728749799483
0 0.5051886456084113 0.6355507848362931 0.03995371184528363 0.015724967872238982
0 0.6173663750201683 0.6348955778416171 0.14137467268331078 0.043243661648655424
0 0.7656561132151629 0.6165497819906713 0.13215458533440116 0.02882910776577217
0 0.8989632094681757 0.6119633330279328 0.12062947614826237 0.027518693776416824
0 0.21782925656733348 0.6932090003678336 0.15674148493149706 0.04324366164865495
0 0.3887850428284022 0.6820704814583302 0.15289978186944997 0.04979573159542076
0 0.5501365714343552 0.6670007205807699 0.15597314431908763 0.04586448962736142
0 0.2850590601531469 0.7339859601613036 0.1252395198227161 0.047174903616714434
0 0.45831986825144244 0.7428312545894371 0.21359869024978728 0.04127804066462407
0 0.6515575322723828 0.7307099251879206 0.14214301329572013 0.023587451808357588
0 0.7737236896454612 0.7107261118502848 0.046868777356967255 0.054382180558157106
0 0.8390326417002505 0.7169505782997124 0.05608886470587868 0.04455407563800796
0 0.9147141920225679 0.725468269230508 0.06761397389201833 0.0733831834037781
0 0.24356866708304425 0.7805056567833382 0.19285349371473334 0.035381177712535246
0 0.4875168115229968 0.7723155693498843 0.21667205269942358 0.02948431476044635
0 0.6753760912570711 0.7700223448685164 0.12216615737307876 0.020966623829650928
0 0.834806768331997 0.7654358959057797 0.15059476003222744 0.019656209840297378
0 0.23895393045929136 0.8234217149346585 0.19054847187750595 0.04389886864333093
0 0.4295024023367981 0.8188352659719207 0.14137467268331078 0.05307176656880376
0 0.5363017474616907 0.8099899715437883 0.03841703062046491 0.018345795850944455
0 0.6388752192183322 0.8019733614841478 0.14521637574535745 0.035381177712535815
0 0.8490210696615721 0.7977145160187482 0.2297338431103798 0.038657212685919234
0 0.23819028279617988 0.8633893416099306 0.06377227082997183 0.03734679869656574
0 0.34460545761486594 0.8689586010646805 0.13983799145849293 0.04979573159542081
0 0.501346942546364 0.8679757905726663 0.13369126655921793 0.049140524600744445
0 0.6661560039081599 0.8460263562510002 0.1559731443190867 0.04324366164865459
0 0.8555519648670518 0.8537347140635984 0.21359869024978523 0.0668311134570122
