0 0.1465593731057445 0.26053370786516855 0.2201333555885479 0.09971910112359553
0 0.46498756929131785 0.2542134831460674 0.18599502771652715 0.08707865168539328
0 0.6321476574922472 0.25491573033707865 0.0729853906229409 0.05477528089887642
0 0.9346838734615349 0.11376404494382023 0.035315511591745834 0.04494382022471911
0 0.8069594398713882 0.2226123595505617 0.25074013230139464 0.10814606741573028
0 0.2018870079328127 0.490870786516854 0.31901678804543593 0.11657303370786538
0 0.5050118157619627 0.44101123595505604 0.22837364162662166 0.09831460674157318
0 0.670406128383305 0.4269662921348315 0.05768200226651785 0.04213483146067418
0 0.8511038293610703 0.40379213483146065 0.24720858114221983 0.0969101123595502
0 0.08004849294129014 0.6594101123595506 0.06121355342569248 0.08567415730337075
0 0.2248420904674473 0.6264044943820223 0.1765775579587282 0.13202247191011257
0 0.46910771231035503 0.6320224719101126 0.26722070437754214 0.08146067415730376
0 0.7592834992225309 0.5863764044943823 0.23779111138442052 0.08005617977528087
0 0.19717827305391317 0.827247191011236 0.3143080531665362 0.10955056179775217
0 0.48029095764774105 0.8265449438202253 0.18364066027707737 0.10533707865168575
0 0.6851209248798656 0.7935393258426968 0.20953870211102432 0.06741573033707925
0 0.8852421572330915 0.7675561797752806 0.17422319051927862 0.10252808988764059
