0 0.34815485340141306 0.0897305979209592 0.16223713863278585 0.036757112401356776
0 0.4942690465800091 0.10018114948605081 0.09774535681602614 0.024504741600904528
0 0.2519210227217172 0.14774917729957135 0.13906040454238788 0.03315347393063549
0 0.3824161124915666 0.1614430034883121 0.09572998863425247 0.021621830824327528
0 0.5194611488521809 0.16576736965317765 0.14409882499682225 0.02162183082432751
0 0.2458749181763954 0.18090265123020316 0.1370450363606143 0.028829107765770478
0 0.3531932738558475 0.19243429433651485 0.035268943181040416 0.010090187718019514
0 0.44741173635376974 0.1971190243484525 0.12696819545174548 0.015135281577029253
0 0.545157093169796 0.19639829665430825 0.05038420454434345 0.013693826188740772
0 0.19549071363205253 0.20756957591354414 0.020153681817737377 0.01729746465946203
0 0.19448302954116567 0.24072304984417964 0.026199786363058593 0.023063286212615993
0 0.31641280453847676 0.221623765949357 0.15719871817835146 0.02090110313018325
0 0.4519463147627606 0.22774995134958317 0.07557630681651517 0.014414553882884994
0 0.5431417249880223 0.23063286212616013 0.0906915681798182 0.017297464659461994
0 0.2947475965844091 0.2544168760329204 0.1420834568150485 0.02450474160090451
0 0.4368310533994576 0.25838087835071377 0.08968388408893134 0.01801819235360629
0 0.8019900761407301 0.06882949479077588 0.04131504772636138 0.026666924683337236
0 0.4170547534219465 0.29333617151671 0.07960704318006258 0.023063286212616062
0 0.5148001102379727 0.3023452676935131 0.09976072499780003 0.02522546929504884
0 0.6553720409166907 0.3059489061642343 0.145106509087709 0.028108380071625656
0 0.4467814341031091 0.32072382389419146 0.12696819545174548 0.025946196989193027
0 0.5510767375099 0.3293725562239224 0.05542262499877786 0.012973098494596443
0 0.6347145170535101 0.33045364776513886 0.08363777954361012 0.015135281577029218
0 0.4120163329675121 0.3488322039658172 0.07356093863474143 0.023063286212616062
0 0.5213500568287374 0.35351693397775485 0.07456862272562831 0.02090110313018329
0 0.6397529375079444 0.35784130014262017 0.11588367045198983 0.01945964774189468
0 0.46038516933008156 0.3773009478845144 0.16022177045101202 0.025225469295048625
0 0.5979340477361395 0.38378749713181337 0.07053788636208075 0.016576736965317737
0 0.21211750113168584 0.3870307717554626 0.06348409772587271 0.025946196989192954
0 0.28819764999364444 0.39676059562641003 0.036276627271927285 0.022342558518471733
0 0.3834237965824535 0.40937333027393435 0.14208345681504844 0.025946196989192954
0 0.5159342545340767 0.4126166048975834 0.09069156817981813 0.020901103130183216
0 0.2000252920410434 0.4180220626036653 0.03728431136281411 0.021621830824327476
0 0.27157086249401113 0.4241482480038914 0.053407256817004055 0.01945964774189477
0 0.3960198477185394 0.43784207419263227 0.13502966817884043 0.026666924683337284
0 0.5068650977160949 0.4389231657338486 0.0463534681807959 0.015856009271173546
0 0.20002529204104344 0.4479322619106517 0.041315047726361624 0.020901103130183358
0 0.2700593363576808 0.4594639050169597 0.052399572726117186 0.01945964774189477
0 0.3194358568111374 0.4616260880993926 0.014107577272416166 0.00936946002387522
0 0.37284311362814143 0.46919372888790717 0.0584456772714384 0.017297464659461994
0 0.43834257953578787 0.46595045426425796 0.040307363635474686 0.013693826188740772
0 0.525507253397502 0.4699144565820514 0.09371462045247875 0.02450474160090458
0 0.20657523863180802 0.477842461217638 0.05844567727143841 0.02594619698919295
0 0.27660928294844545 0.4875722850885855 0.025192102272171724 0.018018192353606254
0 0.37183542953725457 0.49513992587710015 0.11890672272465054 0.017297464659462067
0 0.4801614693075929 0.4980228366536771 0.07759167499828884 0.01441455388288503
0 0.2287442886313191 0.521446486713365 0.10278377727046052 0.02666692468333725
0 0.33707032840165746 0.5373024959845387 0.07557630681651507 0.02090110313018332
0 0.46756541817150704 0.5383835875257552 0.14510650908770914 0.023063286212615993
0 0.19750608181382628 0.552437777561568 0.06449178181675962 0.023784013906760323
0 0.3264896454473454 0.560726146044227 0.15518334999657774 0.024504741600904437
0 0.46252699771707273 0.5675730591385972 0.07456862272562817 0.022342558518471854
0 0.27358623067578486 0.5873930707275642 0.18843692499584447 0.03459492931892406
0 0.46252699771707273 0.6014472607633771 0.1571987181783514 0.029549835459914176
0 0.25040949658538686 0.612618540022613 0.17029861135988075 0.02882910776577006
0 0.40408132044563433 0.6227087277406325 0.09069156817981813 0.01441455388288496
0 0.18793308295040095 0.649365976798822 0.0392996795445879 0.026666924683337093
0 0.26250170567602926 0.6619787114463463 0.07960704318006265 0.017297464659462067
0 0.3763700079462455 0.672429263011438 0.11185293408844245 0.028108380071625732
0 0.48519988976202727 0.6709878076231496 0.07356093863474143 0.023784013906760323
0 0.1970022397683828 0.6875645445884673 0.06146872954409897 0.025225469295048698
0 0.3028090693115039 0.6933303661416207 0.10580682954312094 0.02666692468333718
0 0.41264663521817263 0.7048620092479291 0.08565314772538374 0.013693826188740835
0 0.20959829090446866 0.7214387462132471 0.07456862272562834 0.025225469295048698
0 0.2730823886303414 0.7297271146959059 0.026199786363058558 0.011531643106307997
0 0.3728431136281414 0.73549293624906 0.14913724545125662 0.023063286212616135
0 0.1934753454502788 0.7495471262848727 0.036276627271927285 0.022342558518471806
0 0.26905165226679395 0.7599976778499646 0.08061472727094955 0.017297464659462067
0 0.357224010219395 0.7617994970853252 0.06549946590764648 0.02522546929504884
0 0.4655500499897333 0.7664842270972627 0.12898356363351915 0.02018037543603896
0 0.21413286931345957 0.7953133348630328 0.08968388408893137 0.02882910776576992
0 0.3582316943102818 0.8111693441342055 0.17432934772342817 0.02306328621261597
0 0.49779594089811313 0.8090071610517731 0.07658399090740202 0.0288291077657699
0 0.23529423522208381 0.8295479003348847 0.11991440681553733 0.025225469295048698
0 0.35672016817395147 0.8392777242058321 0.076583990907402 0.025946196989192885
0 0.4272580545360323 0.8360344495821829 0.020153681817737308 0.01513528157702936
0 0.47209999658049795 0.8414399072882648 0.057437993180551455 0.012973098494596514
0 0.23025581476764947 0.8612599188772317 0.10782219772489494 0.026666924683337357
0 0.36982006135548073 0.8760348366071886 0.14712187726948295 0.027387652377481544
0 0.2357980772675273 0.8987377589727328 0.14712187726948286 0.02954983545991425
0 0.3935006374913222 0.9102694020790406 0.11991440681553733 0.028108380071625732
0 0.5003151511253299 0.9149541320909781 0.07960704318006182 0.033153473930636335
0 0.6318179249860669 0.6641505701539255 0.11084524999755534 0.025225469295051494
0 0.6076335068047819 0.7174844195206014 0.03829199545370116 0.025225469295048698
0 0.6025950863503476 0.7473946188275877 0.03224589090837988 0.02450474160090451
0 0.6670868681671073 0.7553226234631745 0.05239957272611704 0.01441455388288503
0 0.7441747011199523 0.7567640788514624 0.05542262499877761 0.011531643106307988
0 0.846958478390413 0.7582055342397516 0.10177609317957376 0.01585600927117369
0 0.6847213397576273 0.7264935156974045 0.08162241136183639 0.02018037543603896
0 0.7708783295284546 0.7322593372505586 0.06247641363498588 0.01441455388288503
0 0.8610660556628293 0.7315386095564143 0.07557630681651517 0.012973098494596514
0 0.6126719272592163 0.6915382225314084 0.06046104545321221 0.018018192353606396
0 0.6998366011209306 0.7005473187082106 0.09572998863425282 0.023063286212615938
0 0.779947486346436 0.7009076825552836 0.04232273181724848 0.016576736965317827
0 0.8429277420268657 0.705232048720149 0.06751483408942022 0.02522546929504884
0 0.7446785431653961 0.6706371194012252 0.08263009545272325 0.018018192353606112
0 0.8157202715729202 0.6727993024836578 0.041315047726361485 0.01945964774189463
0 0.879204369298793 0.6778443963426676 0.0715455704529677 0.018018192353606254
