0 0.15786639230612076 0.33311550242089843 0.19099884501234357 0.04360402549572764
0 0.33035004315910543 0.33311550242089843 0.09355045469992321 0.0245768143703189
0 0.46629054764493216 0.32677309871242904 0.1471470693717551 0.04201842456860958
0 0.7208103617549108 0.30021428318321197 0.31670726851536224 0.07610884450163184
0 0.13612001988039157 0.43221556036573316 0.12375945569677413 0.03567602086014041
0 0.29349917023495026 0.41834155225345626 0.11109116495615924 0.033297619469464274
0 0.44064623960670546 0.4135847494721039 0.14812155327487944 0.025369614833877605
0 0.6847544573393175 0.40327834344583885 0.2660341055529094 0.045982426886402236
0 0.10183356787647947 0.5305228178470088 0.03410693660934719 0.026162415297436327
0 0.2124374908810762 0.5265588155292144 0.14227464985613347 0.029333617151669725
0 0.4355943046965187 0.5202164118207453 0.2553147826185415 0.06421683754825193
0 0.7050391039103613 0.4984143990728812 0.23290165284668285 0.06659523893892802
0 0.16078984401549384 0.6260552737058291 0.15007052108112748 0.039640023177933845
0 0.32791383340129515 0.6177308688384632 0.14519810156550667 0.030919218078788405
0 0.5145275008495791 0.6026676600308472 0.17540710256235637 0.02774801622455529
0 0.7909732027798572 0.5677844396342657 0.3108603650966212 0.05946003476690001
0 0.655032698294024 0.7362545381404715 0.2787023962935277 0.057081633376221096
0 0.22559302357325295 0.760970660237058 0.2835748158091429 0.04836082827707702
0 0.08624182542649217 0.8362867042751333 0.04969867905933447 0.05311763105843127
0 0.2168226684451357 0.827565899175988 0.17833055427172959 0.0562888329126659
0 0.36494422172001384 0.7994214827196537 0.08088216395930876 0.033297619469463184
