0 0.4362518997199721 0.07333404287917748 0.09616305316407989 0.022991213443201586
0 0.9199989659417159 0.060540434673385636 0.043390645939889956 0.02118801093837811
0 0.29318004013438986 0.11733446860668399 0.08443585155870427 0.01744161019829086
0 0.3764431715325566 0.11892006953380133 0.056290567705802916 0.017441610198290877
0 0.4720198646163677 0.12486607301049141 0.09499033300354241 0.01982001158896688
0 0.5857737201885109 0.10782086304397988 0.11140841525106822 0.01744161019829086
0 0.6350279669310884 0.12565887347405005 0.04339064593988965 0.011892006953380142
0 0.7012866560014607 0.1268480741693881 0.07739953059547887 0.019027211125408207
0 0.31956624374648424 0.13755088042742977 0.12313561685644521 0.019820011588967748
0 0.4614653831715296 0.14310048367234093 0.14424457974611976 0.01823441066184955
0 0.5576284363356094 0.14270408344056162 0.019936242729138555 0.017441610198290877
0 0.6238871254059803 0.14587528529479601 0.09147217252192984 0.02378401390676004
0 0.279310542224671 0.15697449178461775 0.030897012207440285 0.017441610198290894
0 0.37878861185363133 0.16371329572486576 0.14072641926450785 0.02616241529743619
0 0.506028749271957 0.17045209966511524 0.10202665396676763 0.022198412979642937
0 0.6098144834795305 0.17243410082401184 0.0867812918797794 0.015063208807614713
0 0.2901745310331617 0.18238481707564014 0.06189419106102573 0.01919840179743577
0 0.35352505600150563 0.18878428434145206 0.012378838212205139 0.010337600967850058
0 0.39903549060520105 0.1890304176978295 0.04223368331222936 0.01673706823366196
0 0.4638423494808633 0.19370695146899972 0.037864681590274646 0.011322134393359561
0 0.5261006240187185 0.19887575195292473 0.04878718589516115 0.015752534808152474
0 0.6127524915041547 0.19986028537843428 0.07645753013420836 0.02264426878671912
0 0.29126678146365037 0.21364375333556765 0.053884354570775325 0.024613335637738168
0 0.369908812458836 0.22693495457994636 0.06262235801468485 0.020675201935700202
0 0.4314389200430322 0.22595042115443678 0.015291506026841546 0.008860800829585784
0 0.4805901894150232 0.22767335464907845 0.049515352848820554 0.01821386837192627
0 0.5636012221321635 0.2335805552021356 0.08155469880982212 0.022152002073964384
0 0.2821646945429114 0.23899548904243806 0.04004918245125193 0.025105602350492973
0 0.35534547338565353 0.24514882295187257 0.07136036145859435 0.02067520193570015
0 0.4642064329576929 0.25253282364319407 0.10267154046593674 0.015752534808152387
0 0.5712469751455841 0.258932290909006 0.07063219450493506 0.01969066851019053
0 0.2832569449733998 0.26237815789828917 0.043690017219547995 0.023628802212228902
0 0.3568018072929718 0.26730082502583696 0.05097168675613886 0.017721601659171533
0 0.4288903357052253 0.27271575886613936 0.055340688478093585 0.017721601659171533
0 0.5177267040516385 0.28059202627021557 0.07281669536591241 0.01969066851019075
0 0.2767034423904681 0.28157655969572526 0.03349567986831955 0.01476800138264313
0 0.35316097252467615 0.29289869408908475 0.08883636834641344 0.022644268786719123
0 0.45838109732841986 0.29905202799851927 0.08228286576348126 0.01821386837192623
0 0.5144499527601725 0.30077496149316096 0.0269421772853876 0.009845334255095324
0 0.5901793159407215 0.30668216204621807 0.05752518933907091 0.019690668510190464
0 0.2850773623575478 0.3148045628066718 0.04150551635857013 0.02904373605253113
0 0.32913146305392504 0.3184965631523325 0.018932340795137215 0.015752534808152488
0 0.42670583484424784 0.3305570976148242 0.1354390533805975 0.025105602350493007
0 0.5184548710052979 0.3300648309020694 0.02038867470245556 0.01722933494641673
0 0.5890870655102325 0.33769496494976825 0.10922504304886906 0.021659735361209572
0 0.69139452249934 0.34237149872093864 0.07645753013420836 0.017229334946416798
0 0.3342286317295384 0.34434056557195797 0.1368953872879166 0.029043736052531098
0 0.3906615706381211 0.3647696341512803 0.024029509470751123 0.007876267404076244
0 0.43435158785766864 0.3532013664015433 0.044418184173206636 0.014275734669888246
0 0.5006147806406492 0.3618160338747517 0.058981523246389285 0.017721601659171568
0 0.554863218688254 0.3620621672311291 0.03349567986831985 0.013291201244378641
0 0.6003736532919494 0.36206216723112905 0.022573175563432954 0.014275734669888109
0 0.6495249226639405 0.37043070134796013 0.06262235801468485 0.022152002073964495
0 0.29891253447707117 0.36575416757678986 0.06917586059761718 0.024613335637737984
0 0.393210154975928 0.38076830231581016 0.10339970741959581 0.022152002073964568
0 0.4292544191820548 0.36870776785331844 0.04150551635857013 0.0127989345316238
0 0.5060760327930928 0.3879061696507542 0.10194337351227765 0.013783467957133436
0 0.5701547247150957 0.3903675032145281 0.01747600688781894 0.009845334255095324
0 0.6280439975309962 0.3920904367091697 0.08228286576348118 0.016244801520907258
0 0.2963639501392643 0.3906136365709053 0.07281669536591259 0.023136535499474305
0 0.36335530987590386 0.40070510418237815 0.021845008609773727 0.009845334255095324
0 0.4227009165991227 0.4061200380226805 0.07791386404152653 0.018706135084680966
0 0.5628730551785043 0.415473105565021 0.13107005165864263 0.02264426878671918
0 0.28471327888071823 0.41891897255430444 0.04514635112686584 0.024613335637738203
0 0.38665665239299585 0.431471773729551 0.11796304649277843 0.024121068924983467
0 0.4871436919979553 0.440578707915514 0.024757676424410277 0.015752534808152488
0 0.586538481172426 0.44771657525045816 0.13471088642693846 0.024121068924983627
0 0.29599986666243455 0.4432861748356657 0.06626319278298036 0.020182935222945276
0 0.38774890282348456 0.45583897601091183 0.07500119622689007 0.020675201935700115
0 0.4663909338186701 0.460515509782082 0.03422384682197893 0.012306667818869346
0 0.557411803026061 0.4674072437606487 0.10121520655861843 0.026090135776002513
0 0.28471327888071823 0.4642075101277427 0.04514635112686584 0.019690668510190506
0 0.3669961446441995 0.4728221776009511 0.07572936318054907 0.026090135776002513
0 0.4529198451759764 0.4831597785688011 0.032039345961001546 0.011322134393359561
0 0.5159062866674908 0.4863595122017071 0.05169985370979809 0.020675201935700188
0 0.5646934725626523 0.49078991261649996 0.028398511192705887 0.011814401106114395
0 0.6535298409090656 0.49768164659506664 0.12160388126107392 0.02953600276528583
0 0.3415103012661301 0.49374351289302865 0.15582772808305304 0.03248960304181459
0 0.4820465233223415 0.512695781334087 0.08446736662445865 0.021167468648454816
0 0.5905433994175513 0.5171261817488799 0.08883636834641337 0.027074669201512053
0 0.3142040405039128 0.5144187148287287 0.02111684165611491 0.0157525348081524
0 0.2814365275892522 0.5218027155200502 0.04296185026588841 0.020675201935700046
0 0.34078213431247095 0.5299251162805039 0.016019672980500926 0.015260268095397345
0 0.3870207358698255 0.5331248499134097 0.04733085198784323 0.019690668510190575
0 0.5348386274626281 0.5469083178705431 0.20607124788553272 0.03347413646732399
0 0.274154858052661 0.5478530243347491 0.01966050774879637 0.01427573466988818
0 0.35789405772346045 0.5591751587281086 0.10849687609520978 0.023136535499473965
0 0.42961850265888446 0.5623748923610146 0.01747600688781908 0.01378346795713334
0 0.4922408606735694 0.5697588930523361 0.08446736662445842 0.019690668510190495
0 0.5901793159407217 0.5736970267543743 0.0779138640415265 0.01673706823366205
0 0.32257796047099285 0.5756660936053933 0.12670104993668796 0.025597869063247812
0 0.4703958520637954 0.5892034282061492 0.1106813769561871 0.019198401797435805
0 0.550858300443129 0.5938799619773194 0.015291506026841617 0.008860800829585713
0 0.6145729088883026 0.5980642290357349 0.09320537006836822 0.017229334946416666
0 0.29199494841730966 0.5963412955410934 0.06553502582932114 0.019690668510190395
0 0.3892052367308028 0.6071711632216982 0.09102086920739076 0.0167370682336621
0 0.4776775216003867 0.6140628972002649 0.026214010331728516 0.011814401106114331
0 0.5352027109394577 0.6165242307640386 0.05970969020004837 0.01575253480815242
0 0.3003688683843896 0.625138898237247 0.07645753013420822 0.022152002073964422
0 0.3855644019625072 0.6342458324232102 0.05606885543175274 0.012798934531624014
0 0.4551043460369538 0.6359687659178518 0.04223368331222929 0.016244801520907258
0 0.5071682832235812 0.6408914330453996 0.029854845100024077 0.01230666781886903
0 0.6058349054443929 0.6492599671622306 0.13543905338059736 0.020182935222945345
0 0.27233444066851326 0.6453218334601923 0.026214010331728564 0.014275734669888249
0 0.34442296908076664 0.6546749010025329 0.09174903616104987 0.017229334946416798
0 0.46020151471256765 0.6610743682683449 0.0815546988098221 0.01526026809539772
0 0.5719751420992435 0.6694429023851758 0.10121520655861843 0.018213868371926196
0 0.29709211709292344 0.6689506356724211 0.06553502582932132 0.02018293522294528
0 0.3983073236515419 0.6795343699966484 0.09466170397568639 0.021659735361209586
0 0.485687358090637 0.6864261039752152 0.0480590189415023 0.014768001382642953
0 0.5912715663712104 0.6945485047356688 0.12233204821473308 0.022152002073964353
0 0.29490761623194606 0.6898719709644985 0.06844769364395789 0.018706135084681105
0 0.36408347682956305 0.6962714382303105 0.014563339073182604 0.011814401106114331
0 0.4310748365662026 0.7053783724162735 0.09320537006836817 0.020182935222945283
0 0.6436995870346675 0.7206386405116713 0.08446736662445865 0.022152002073964353
0 0.2788879432514453 0.7154698400277462 0.018932340795137247 0.016737068233662014
0 0.31930120917952676 0.7201463737989166 0.021116841656114646 0.015260268095397576
0 0.37500598113444994 0.7258074409955962 0.06990402755127606 0.0187061350846811
0 0.5159062866674908 0.7373757087453332 0.16675023238793976 0.026090135776002513
0 0.6651805121676116 0.7516514434152215 0.07791386404152646 0.017229334946416656
0 0.3018252022917078 0.7435290426547678 0.06771952669029868 0.027566935914266823
0 0.37245739679664297 0.7514053100588441 0.037136514636615416 0.01575253480815235
0 0.4481867599771921 0.7582970440374107 0.06917586059761703 0.014768001382642807
0 0.5566836360724018 0.7659271780851097 0.1055842082805733 0.016244801520907258
0 0.28689777974169567 0.767650111579751 0.05242802066345709 0.02362880221222895
0 0.3360490491136865 0.7782338459039788 0.03131117900734216 0.020182935222945217
0 0.4001277410356898 0.7836487797442812 0.06480685887566223 0.022152002073964214
0 0.476585271169898 0.7858639799516774 0.04878718589516147 0.013783467957133411
0 0.5737955594833913 0.7910327804356023 0.10194337351227752 0.028059202627021572
0 0.29017453103316165 0.7890637135845832 0.04878718589516148 0.02412106892498467
0 0.3571658907698012 0.7974322477014144 0.05315618761711627 0.015260268095397288
0 0.4135988296783836 0.8060469151746229 0.018932340795137323 0.01575253480815263
0 0.4638423494808633 0.804077848323604 0.05242802066345711 0.018706135084680945
0 0.5570477195492315 0.8163845161424729 0.10048703960495942 0.021659735361209444
0 0.2927231153709687 0.8146615826478313 0.043690017219547565 0.023136535499473893
0 0.28908228060267305 0.839028784929192 0.05097168675613883 0.027566935914266823
0 0.34369480212710757 0.8259837170411906 0.03786468159027446 0.02313653549947399
0 0.3473356368954031 0.8476434524024006 0.01893234079513718 0.016244801520907258
0 0.3538891394783353 0.8715183879710066 0.03203934596100155 0.021659735361209433
0 0.29417944927828693 0.8668418541998362 0.05388435457077531 0.025105602350492973
0 0.34915605427955093 0.892931989975838 0.16966290020257627 0.02805920262702276
0 0.488235942428444 0.9072077246457269 0.07500119622688999 0.020182935222945418
0 0.5850821472651078 0.9072077246457269 0.08810820139275422 0.025105602350492973
0 0.418331914877168 0.827460517179455 0.08228286576348126 0.023136535499474035
0 0.5461252152443445 0.8377981181473052 0.12670104993668788 0.02018293522294556
0 0.4369001721954756 0.851827719460816 0.12233204821473312 0.01673706823366187
0 0.5366590448467758 0.8616730537159111 0.0655350258293214 0.017721601659171568
0 0.46165784861988585 0.866103454130704 0.049515352848820623 0.011814401106114649
0 0.5177267040516387 0.8833327890771209 0.10485604132691406 0.018706135084681174
0 0.6080194063053702 0.8875170561355364 0.05679702238541182 0.01427573466988818
