0 0.14733740900129083 0.03099129084820277 0.12571451279973622 0.04468511703694353
0 0.11113162931496669 0.07928004635586743 0.04324579240310908 0.04036075087207795
0 0.19259463360919582 0.07964041020293967 0.07744013988463748 0.03243274623649125
0 0.29216052774658685 0.08000077405001178 0.09353159752300375 0.02594619698919303
0 0.39323499603757484 0.08252332097951669 0.08850301701101436 0.029549835459914266
0 0.5229723732469027 0.09117205330924769 0.14080025433570462 0.02090110313018325
0 0.6512011763026336 0.0900909617680313 0.09152016531820785 0.02018037543603901
0 0.7281384581360723 0.0900909617680313 0.028160050867140997 0.01729746465946201
0 0.8075900302255056 0.09477569177996895 0.09856017803499341 0.02090110313018327
0 0.9157045112332786 0.09693787486240169 0.0975544619325953 0.022342558518471767
0 0.039725786044716646 0.1326138957225421 0.05129152122229238 0.02738765237748151
0 0.10258304244458476 0.1275688018635323 0.03218291527673246 0.02018037543603901
0 0.17499460181723284 0.12901025725182083 0.0804572881918312 0.025946196989193027
0 0.2821033667226081 0.12901025725182083 0.10761162295657417 0.025946196989193027
0 0.37060638373362237 0.13117244033425357 0.05330295342708809 0.01585600927117351
0 0.419886472751119 0.12973098494596508 0.015085741535968325 0.01873892004775051
0 0.4973266126357565 0.1326138957225421 0.11968021618534884 0.02162183082432751
0 0.5853267715955718 0.13117244033425357 0.044251508505507145 0.012973098494596514
0 0.6305839962034766 0.12648771032231598 0.014080025433570427 0.015135281577029272
0 0.7029955555761249 0.13009134879303716 0.11465163567335951 0.018018192353606247
0 0.13074309331172568 0.1628844588766006 0.13275452551652145 0.030270563154058506
0 0.26752048323783867 0.16432591426488913 0.10057161023978896 0.017297464659461994
0 0.4128464600343338 0.16576736965317765 0.1538745636668772 0.030270563154058527
0 0.5119094961205259 0.1672088250414661 0.018102889843161947 0.012973098494596514
0 0.5853267715955718 0.16901064427682674 0.10861733905897215 0.02234255851847178
0 0.21472038786194947 0.20180375436039014 0.07341727547504596 0.023063286212616062
0 0.3087548434361521 0.210092122843049 0.07241155937264804 0.01945964774189477
0 0.4324579240310926 0.210092122843049 0.14080025433570456 0.018018192353606324
0 0.5893496360051632 0.20937139514890468 0.152868847564479 0.02090110313018331
0 0.724618451777679 0.20720921206647183 0.10962305516137053 0.022342558518471493
0 0.26450333493064504 0.23603831983224205 0.05229723732469029 0.02378401390676025
0 0.3811664028088002 0.23603831983224205 0.1508574153596835 0.019459647741894733
0 0.5430866952948604 0.24036268599710753 0.14884598315488773 0.020901103130183216
0 0.10157732634218687 0.27243506838652665 0.15488027976927504 0.021621830824327476
0 0.2363432840635041 0.2735161599277431 0.08246872039662698 0.02378401390676025
0 0.3152919981017384 0.2745972514689594 0.059337250041475505 0.014414553882884994
0 0.4083207375735432 0.2742368876218873 0.10861733905897203 0.018018192353606216
0 0.05028580511989448 0.3088318169408113 0.028160050867140917 0.029549835459914214
0 0.13074309331172568 0.31135436387031623 0.11666306787815524 0.020180375436038994
0 0.24288043872909026 0.3066696338583785 0.06738297886065861 0.023784013906760226
0 0.34395490702007825 0.31171472771738834 0.11062877126376787 0.01945964774189477
0 0.46212654905183037 0.3088318169408113 0.09353159752300386 0.022342558518471806
0 0.5330295342708815 0.30666963385837853 0.028160050867140782 0.015135281577029324
0 0.6074525258483238 0.30450745077594565 0.1005716102397888 0.030991290848202725
0 0.7090298521905113 0.2991019930698637 0.08246872039662696 0.024504741600904684
0 0.8226757717614739 0.3030659953876573 0.11465163567335936 0.018018192353606216
0 0.9252588142060586 0.30378672308180155 0.06637726275826082 0.015135281577029324
0 0.019108605945559905 0.34126456317730247 0.0201143220479578 0.019459647741894764
0 0.10358875854698266 0.3441474739538796 0.12269736449254255 0.022342558518471806
0 0.2056689429403684 0.3412645631773026 0.06738297886065855 0.02522546929504881
0 0.3263548752281152 0.342345654718519 0.14180597043810245 0.025946196989193027
0 0.44653794946466296 0.3452285654950959 0.08045728819183123 0.024504741600904496
0 0.5526409982676402 0.34126456317730247 0.11766878398055299 0.02522546929504854
0 0.6904241042961514 0.3409041993302303 0.14582883484769404 0.023063286212616205
0 0.812115752686296 0.3409041993302305 0.08347443649902488 0.015856009271173546
0 0.9247559561548596 0.34198529087144686 0.13174880941412354 0.022342558518471806
0 0.07643442378223962 0.371174762484289 0.13275452551652145 0.020180375436039028
0 0.1704688793564423 0.3697333070960005 0.019108605945559916 0.01441455388288503
0 0.24790901924107986 0.3690125794018562 0.11968021618534888 0.02450474160090451
0 0.33138345574010464 0.3690125794018562 0.017097173740764048 0.015856009271173546
0 0.42340647910951185 0.3726162178725771 0.1428116865405006 0.023063286212615986
0 0.5682295978548073 0.37045403479014455 0.13476595772131716 0.01585600927117352
0 0.6818755174257692 0.3729765817196496 0.08045728819183125 0.022342558518471663
0 0.7402070513648468 0.371174762484289 0.020114322047957812 0.011531643106307997
0 0.8231786298126721 0.3704540347901443 0.12973737720932857 0.01873892004775009
0 0.9363216913324347 0.37405767326086553 0.09051444921581042 0.021621830824327802
0 0.02262861230395252 0.4014453256383473 0.029165766969538792 0.017297464659461987
0 0.11062877126376787 0.40144532563834745 0.12470879669733832 0.02738765237748147
0 0.24086900652429463 0.39784168716762625 0.10560019075177848 0.015856009271173477
0 0.35803493245364865 0.39964350640298657 0.10459447464938056 0.02234255851847172
0 0.44754366556706093 0.3964002317793377 0.04224007630071128 0.01873892004775051
0 0.5521381402164416 0.400003870250059 0.15085741535968344 0.02450474160090451
0 0.6602526212242146 0.39748132332055414 0.039222927993517655 0.01945964774189477
0 0.7316584644944648 0.4043282364149245 0.08347443649902488 0.020180375436039028
0 0.839270087451039 0.40108496179127534 0.11766878398055311 0.018018192353606254
0 0.9398416976908279 0.4039678725678523 0.06939441106545445 0.0194596477418947
0 0.020114322047957794 0.4273915226275406 0.01609145763836624 0.01441455388288496
0 0.0995658941373911 0.42739152262754054 0.11666306787815522 0.025946196989193027
0 0.22427469083472942 0.4248689756980356 0.09453731362540158 0.022342558518471875
0 0.29216052774658696 0.42234642876853074 0.023131470355151507 0.021621830824327545
0 0.33641203625209415 0.42631043108632416 0.05732581783667971 0.018018192353606254
0 0.4027892990103549 0.42558970339217994 0.05933725004147547 0.020901103130183358
0 0.46866370371741667 0.42450861185096356 0.05632010173428192 0.017297464659461994
0 0.5652124495476138 0.4255897033921798 0.10861733905897224 0.023784013906760246
0 0.6979669750641352 0.4248689756980356 0.13677738992611338 0.02522546929504873
0 0.856870119243002 0.4205446095331702 0.16292600858845802 0.01945964774189484
0 0.0774401398846375 0.45369808346380563 0.1347659577213172 0.018018192353606254
0 0.16342886663965708 0.4533377196167336 0.0191086059455599 0.01441455388288503
0 0.19360034971159368 0.44865298960479544 0.019108605945559826 0.01657673696531772
0 0.2695319154426345 0.44973408114601227 0.11264020346856363 0.017297464659461994
0 0.37312067398961707 0.44973408114601227 0.07442299157744386 0.01873892004775051
0 0.4465379494646631 0.44685117036943534 0.048274372915098666 0.012973098494596514
0 0.5073837736597353 0.4508151726872287 0.05732581783667968 0.016576736965317737
0 0.5616924431892214 0.45009444499308443 0.03318863137913027 0.013693826188740701
0 0.6491897440978378 0.4533377196167336 0.1176687839805532 0.02018037543603896
0 0.7331670386480618 0.4479322619106516 0.01810288984316225 0.01657673696531762
0 0.8307215005806563 0.44973408114601204 0.15689171197407067 0.021621830824327247
0 0.9483902845612101 0.44685117036943534 0.06637726275826068 0.018738920047750584
0 0.036708637737523094 0.48000464430007084 0.05330295342708816 0.01873892004775051
0 0.13526881577251626 0.477842461217638 0.11766878398055308 0.024504741600904437
0 0.22880041329552 0.47604064198227714 0.06336011445106693 0.022342558518471684
0 0.3087548434361522 0.4731577312057004 0.07844585598703539 0.01945964774189477
0 0.4525722460790505 0.47495955044106103 0.17298316961243698 0.025946196989193027
0 0.5933725004147551 0.4753199142881332 0.09654874583019747 0.018018192353606254
0 0.6808698013233715 0.47784246121763807 0.054308669529486056 0.023063286212615993
0 0.7578070831568101 0.4764010058293496 0.07945157208943314 0.023063286212615993
0 0.8960930472365198 0.4745991865939889 0.17499460181723292 0.01945964774189477
0 0.020114322047957912 0.506311205136336 0.020114322047957794 0.016576736965317876
0 0.06738297886065872 0.5041490220539032 0.056320101734281834 0.01513528157702936
0 0.14230882848930146 0.5016264751243981 0.0673829788606586 0.021621830824327382
0 0.2413718645754937 0.5023472028185424 0.10459447464938053 0.02018037543603895
0 0.08045728819183129 0.5311763105843125 0.06436583055346495 0.023063286212615993
0 0.1780117501244266 0.5315366744313847 0.09051444921581007 0.02090110313018329
0 0.32836630743291095 0.5315366744313845 0.1880689111484052 0.02090110313018328
0 0.45558939438624413 0.5293744913489519 0.03419434748152824 0.01945964774189484
0 0.5179437927349124 0.5315366744313834 0.0663772627582616 0.015135281577029081
0 0.5687324559060066 0.5315366744313847 0.02112003815035564 0.01513528157702929
0 0.6270639898450844 0.532257402125529 0.07945157208943321 0.022342558518471733
0 0.6879098140401567 0.5315366744313847 0.016091457638366363 0.01513528157702929
0 0.7794299793583644 0.5293744913489519 0.1387888221309099 0.022342558518471597
0 0.9021273438509073 0.5275726721135914 0.09856017803499299 0.023063286212615993
0 0.024137186457549465 0.5672126952915251 0.018102889843162013 0.015856009271173477
0 0.10208018439338591 0.5654108760561645 0.11565735177575732 0.028108380071625732
0 0.22779469719312215 0.5614468737383711 0.11766878398055311 0.023063286212615993
0 0.3102634175897491 0.5654108760561645 0.03520006358392614 0.013693826188740701
0 0.38720069942318763 0.5643297845149481 0.09453731362540169 0.023063286212615993
0 0.49129231602136925 0.5639694206678759 0.1015773263421869 0.01945964774189477
0 0.6144925385651108 0.5628883291266596 0.12269736449254261 0.023063286212615993
0 0.7643442378223964 0.5574828714205777 0.1649374407932541 0.016576736965317806
0 0.87698444129096 0.5564017798793615 0.036205779686323894 0.01873892004775044
0 0.9413502718444249 0.5564017798793613 0.07643442378223952 0.01441455388288503
0 0.06889155301425556 0.5935192561277902 0.10157732634218687 0.02378401390676018
0 0.17851460817562553 0.5942399838219345 0.08347443649902488 0.020901103130183358
0 0.3223320108185238 0.5949607115160788 0.17600031791963075 0.022342558518471733
0 0.5405724050388656 0.5927985284336459 0.24036614847309543 0.02090110313018324
0 0.712549858548905 0.589915617657069 0.07542870767984183 0.01945964774189477
0 0.858881551447798 0.5834290684097708 0.1971203560699864 0.01945964774189484
0 0.02916576696953891 0.6183843615757669 0.022125754252753572 0.021621830824327476
0 0.09856017803499323 0.6180239977286947 0.08850301701101422 0.01657673696531768
0 0.19259463360919604 0.6191050892699111 0.07542870767984172 0.020180375436039028
0 0.25394331585546726 0.6205465446581997 0.02112003815035564 0.017297464659461925
0 0.3273605913305132 0.6183843615757669 0.10560019075177846 0.012973098494596443
0 0.4259207693655064 0.6165825423404061 0.07542870767984168 0.020901103130183493
0 0.48626373550937985 0.6169429061874784 0.019108605945559916 0.01873892004775044
0 0.5511324241140437 0.6176636338816226 0.08850301701101436 0.021621830824327476
0 0.6144925385651108 0.615861814646262 0.01609145763836615 0.013693826188740701
0 0.6698069241969946 0.6165825423404062 0.0764344237822396 0.01945964774189477
0 0.7673613861295897 0.6162221784933339 0.09252588142060575 0.01729746465946198
0 0.8528472548334105 0.6111770846343242 0.05229723732469026 0.018738920047750494
0 0.9207330917452681 0.6093752653989637 0.05732581783667968 0.018018192353606112
0 0.08045728819183123 0.648654924729825 0.1367773899261129 0.017297464659461165
0 0.18857176919960444 0.6486549247298252 0.06336011445106704 0.014414553882885029
0 0.308754843436152 0.6468531054944643 0.14281168654050017 0.018018192353606112
0 0.4183778985975223 0.6421683754825271 0.054308669529486056 0.021621830824327618
0 0.5149266444277196 0.647213469341537 0.10459447464938045 0.021621830824327476
0 0.5868353457491687 0.6446909224120322 0.019108605945559985 0.013693826188740701
0 0.6738297886065863 0.6457720139532485 0.14482311874529613 0.021621830824327403
0 0.7869728501263475 0.6389251008588779 0.05330295342708817 0.018018192353606105
0 0.8473158162702219 0.6418080116354549 0.05129152122229242 0.0165767369653174
0 0.9368245493836345 0.6385647370118059 0.1015773263421869 0.02450474160090458
0 0.04022864409591568 0.6760425771073068 0.048274372915098666 0.02162183082432732
0 0.09654874583019754 0.6756822132602348 0.04626294071030297 0.018018192353606396
0 0.1981260721723844 0.6738803940248742 0.12672022890213414 0.02018037543603896
0 0.28512051502980185 0.6713578470953692 0.021120038150355746 0.022342558518471806
0 0.3464691972760731 0.6756822132602349 0.07744013988463756 0.02090110313018343
0 0.41234360198313497 0.6699163917070808 0.028160050867140924 0.015135281577029218
0 0.47369228422940624 0.6717182109424413 0.06637726275826075 0.028829107765770204
0 0.5430866952948606 0.6684749363187923 0.05229723732469026 0.018018192353606254
0 0.602423945336336 0.6677542086246482 0.04626294071030301 0.016576736965317737
0 0.6869040979377578 0.6684749363187903 0.08448015260142454 0.018018192353606195
0 0.7673613861295899 0.6681145724717201 0.054308669529486056 0.014414553882884889
0 0.8498301065262168 0.6681145724717201 0.09856017803499313 0.021621830824327618
0 0.9524131489708018 0.6670334809305039 0.07844585598703546 0.015135281577029218
0 0.027657192815942082 0.7106375064262309 0.02313147035515146 0.021621830824327334
0 0.13929168018210775 0.70883568719087 0.1518631314620813 0.02378401390676009
0 0.3122748497945449 0.7019887740964998 0.15990886028126444 0.01873892004775044
0 0.44402365920866826 0.6994662271669945 0.0673829788606584 0.019459647741895042
0 0.5224695151957038 0.6955022248492017 0.06537154665586285 0.012973098494596514
0 0.6044353775411319 0.693340041766769 0.08246872039662705 0.017297464659461925
0 0.6607554792754137 0.6955022248492017 0.022125754252753607 0.01441455388288503
0 0.6999784072689313 0.6944211333079852 0.02614861866234526 0.016576736965317588
0 0.7477499221328313 0.6958625886962738 0.05129152122229229 0.01945964774189463
0 0.7980357272527256 0.6940607694609132 0.02715433476474317 0.011531643106308139
0 0.8518415387310128 0.6937004056138412 0.06235439834866909 0.013693826188740843
0 0.9363216913324355 0.6911778586843361 0.08649158480621849 0.023063286212615993
0 0.07643442378223962 0.7333307531666271 0.12470879669733832 0.015856009271173546
0 0.17197745351003899 0.7315289339312661 0.05229723732469025 0.015135281577029347
0 0.24338329678028933 0.7293667508488337 0.06838869496305651 0.016576736965317737
0 0.3258520171769153 0.7279252954605397 0.08045728819183295 0.02522546929504856
0 0.38870927357678425 0.7257631123781124 0.0372114957887219 0.016576736965317727
0 0.45458367828384616 0.7239612931427518 0.07643442378223966 0.017297464659461925
0 0.5958867906707495 0.7239612931427518 0.18806891114840515 0.021621830824327604
0 0.710538426344109 0.7185558354366699 0.01709717374076419 0.016576736965317737
0 0.7718871085903793 0.7210783823661747 0.0874973009086161 0.021621830824327448
0 0.8463101001678243 0.7203576546720307 0.04928008901749678 0.01873892004775044
0 0.9232473820012628 0.7174747438954537 0.07643442378223966 0.01873892004775044
0 0.02413718645754935 0.7610787693911809 0.02011432204795779 0.016576736965317737
0 0.081965862345428 0.7636013163206857 0.07542870767984172 0.01585600927117369
0 0.13778310602851088 0.7589165863087483 0.018102889843162048 0.012252370800452167
0 0.21522324591314812 0.7574751309204593 0.11666306787815504 0.023784013906759865
0 0.2906519535929901 0.7538714924497384 0.016091457638366294 0.013693826188740701
0 0.345463481173675 0.7556733116850988 0.0794515720894333 0.020180375436039077
0 0.4681608456662177 0.7542318562968104 0.14180597043810245 0.02018037543603896
0 0.5536467143700383 0.7499074901319451 0.01709717374076412 0.01441455388288503
0 0.6451668796882464 0.7484660347436565 0.14381740264289833 0.01441455388288503
0 0.7930071467407361 0.7477453070495121 0.1277259450045321 0.018738920047750726
0 0.9172130853868755 0.7463038516612238 0.10459447464938051 0.01585600927117369
0 0.03821721189111981 0.7863042386862296 0.0482743729150987 0.02090110313018329
0 0.12672022890213394 0.7863042386862266 0.10057161023978896 0.01945964774189457
0 0.1905832014044001 0.7823402363684363 0.017097173740764086 0.015856009271173546
0 0.23282327770511152 0.7812591448272198 0.04324579240310929 0.016576736965317876
0 0.2906519535929901 0.7827006002155085 0.04224007630071142 0.018018192353606396
0 0.3907207057815802 0.7772951425094266 0.13778310602851085 0.0201803754360391
0 0.49481232237976125 0.7747725955799212 0.06838869496305688 0.016576736965317133
0 0.5933725004147548 0.7736915040387047 0.1066059068541763 0.015856009271173383
0 0.7135555746513025 0.7758536871211361 0.09554302972779992 0.014414553882884857
0 0.775909972999972 0.7708085932621281 0.017097173740764048 0.012973098494596656
0 0.8287100683758613 0.7765744148152822 0.06235439834866909 0.02018037543603896
0 0.8965959052877187 0.7708085932621281 0.05129152122229229 0.018738920047750726
0 0.9619674519435817 0.7736915040387049 0.05732581783667985 0.015856009271173255
0 0.02665147671354408 0.8104582920652096 0.02112003815035568 0.02378401390676033
0 0.07643442378223962 0.8137015666888588 0.05833153393907761 0.021621830824327334
0 0.1423088284893014 0.8082961089827768 0.03721149578872192 0.01945964774189477
0 0.1991317882747822 0.8079357451357049 0.0502858051198945 0.015856009271173407
0 0.2685261993402366 0.8039717428179115 0.05833153393907765 0.02090110313018329
0 0.34848062948086883 0.8032510151237671 0.07744013988463758 0.020901103130182893
0 0.40982931172714004 0.8003681043471902 0.02112003815035571 0.01945964774189463
0 0.45810368464223883 0.8021699235825508 0.05732581783667975 0.015856009271173265
0 0.5471095597044517 0.7992870128059735 0.10258304244458474 0.015856009271173217
0 0.6637726275826072 0.7992870128059738 0.10660590685417638 0.015856009271173265
0 0.7698756763855846 0.7992870128059737 0.08548586870382067 0.02162183082432732
0 0.9041387760557029 0.8028906512766951 0.16694887299804975 0.023063286212615993
0 0.09504017167660049 0.8392873998309794 0.15990886028126433 0.026666924683337322
0 0.26198904467464984 0.8367648529014744 0.1518631314620812 0.02162183082432742
0 0.35451492609525614 0.8291972121129603 0.019108605945559985 0.018018192353606254
0 0.3992692926519622 0.8309990313483209 0.050285805119894465 0.012973098494596656
0 0.45709796853984086 0.831359395195393 0.04726865681270084 0.016576736965317876
0 0.5420809791924582 0.8281161205717419 0.10258304244458401 0.020180375436035715
0 0.6275668478962833 0.8299179398071044 0.0482743729150986 0.02090110313018343
0 0.6758412208113819 0.8263143013363832 0.03218291527673244 0.013693826188740843
0 0.762835663668799 0.8255935736422377 0.11565735177575821 0.015135281577029256
0 0.9111787887724881 0.8281161205717439 0.14884598315488773 0.0201803754360391
0 0.05078866317109355 0.8645031935008808 0.06537154665586284 0.021621830824327476
0 0.10811448100777327 0.8663050127362414 0.01508574153596836 0.01513528157702936
0 0.17901746622682438 0.8641428296538086 0.10258304244458466 0.016576736965317872
0 0.25645760611146196 0.8627013742655201 0.026148618662345163 0.013693826188740845
0 0.31277770784574377 0.8634221019596644 0.07442299157744386 0.018018192353606254
0 0.40128072485675814 0.8583770081006548 0.09051444921581009 0.01945964774189463
0 0.5194523668885102 0.8547733696299273 0.1297373772093281 0.015135281577028536
0 0.639635441125058 0.856575188865294 0.08850301701101415 0.018738920047750584
0 0.7522756445936216 0.8529715503945728 0.12269736449254268 0.015856009271173546
0 0.8317272166830552 0.85080936731214 0.01408002543357057 0.012973098494596656
0 0.8800015895981537 0.8511697311592121 0.050285805119894465 0.019459647741894914
0 0.9544245811755977 0.8529715503945726 0.07844585598703546 0.01873892004775044
0 0.023131470355151583 0.8904493904900739 0.014080025433570455 0.018738920047750584
0 0.11867450008295073 0.8936926651137217 0.1629260085884577 0.020901103130182723
0 0.311269133692147 0.8904493904900739 0.19410320776279263 0.0201803754360391
0 0.4364807884406842 0.8875664797134968 0.044251508505507145 0.021621830824327334
0 0.549120991909248 0.8818006581603423 0.1448231187452962 0.018738920047750428
0 0.6984698331153345 0.8839628412427756 0.1418059704381024 0.02018037543603896
0 0.8417843777070338 0.8789177473837658 0.12672022890213414 0.015856009271173546
0 0.9398416976908281 0.8781970196896216 0.043245792403109246 0.01585600927117369
0 0.11616020982695639 0.9207199536441324 0.2081832331963632 0.021621830824327618
0 0.29718910825857653 0.916755951326339 0.127725945004532 0.026666924683337215
0 0.40731502147114557 0.9120712213144013 0.06838869496305647 0.02162183082432762
0 0.46313226515422834 0.9142334043968341 0.01709717374076419 0.015856009271173407
0 0.5365495406292743 0.9127919490085454 0.1116344873661658 0.02882910776577006
0 0.6879098140401542 0.9106297659261005 0.16091457638366571 0.020180375436038428
0 0.7914985725871392 0.9091883105378245 0.02614861866234506 0.012973098494596371
0 0.8764815832397608 0.90342248898467 0.1277259450045325 0.021621830824327032
0 0.05481152758068511 0.9481076060216138 0.07341727547504596 0.02018037543603896
0 0.11515449372455848 0.9473868783274696 0.021120038150355694 0.01441455388288503
0 0.1961146399675885 0.946305786786253 0.1226973644925425 0.02378401390676023
0 0.35049206168566416 0.9437832398567478 0.1820346145340178 0.020180375436038473
0 0.4968237545845577 0.9463057867862531 0.0965487458301974 0.025225469295048555
0 0.6542183246098273 0.9390985098448099 0.1860574789436101 0.023784013906759566
0 0.8030643077647148 0.9358552352211612 0.0915201653182081 0.015856009271173258
0 0.9202302336940689 0.9304497775150792 0.12470879669733909 0.02522546929504814
0 0.02916576696953891 0.9726123476225184 0.014080025433570448 0.0187389200477503
0 0.11314306151976262 0.9729727114695903 0.11565735177575717 0.013693826188741069
0 0.21170323955475592 0.9718916199283743 0.04726865681270077 0.017297464659462067
0 0.2594747544186557 0.9697294368459413 0.036205779686324 0.01585600927117369
0 0.35049206168566466 0.9726123476225184 0.11364591957096147 0.02162183082432762
0 0.43446935623588834 0.9697294368459414 0.016091457638366218 0.014414553882884954
0 0.4892808838165731 0.9700898006930128 0.07945157208943371 0.01657673696531655
0 0.5989039389779427 0.9693690729988689 0.12370308059494022 0.022342558518471424
0 0.7145612907537006 0.9682879814576525 0.09152016531820795 0.01873892004775072
0 0.7814414115631607 0.9672068899164356 0.034194347481527984 0.012252370800452175
0 0.8508358226286147 0.960720340669137 0.06235439834866949 0.023784013906760156
0 0.9328016849740429 0.9632428875986432 0.08347443649902488 0.017297464659461925
