0 0.5115513861938156 0.3579392106996663 0.06880445697915703 0.03514292062356262
0 0.5078915746523711 0.39546470221296204 0.2840013756160951 0.05062963140682747
0 0.5053297065733594 0.43626622869963966 0.04464970080562328 0.040503705125461885
0 0.4013910587963347 0.5056586058631156 0.12370163010082463 0.035142920623563154
0 0.5766960316315282 0.5092324621977156 0.1947019740048487 0.018464924395431195
0 0.7446813813838318 0.5083389981140657 0.10174276085215767 0.03692984879086247
0 0.36040116953215673 0.5339516351786959 0.08563959006980189 0.02025185256273104
0 0.44055104228979175 0.5437797400988449 0.05123736158022332 0.025612637064630378
0 0.5188710092767047 0.5345472779011293 0.06441268312942369 0.020251852562731047
0 0.5810878054812616 0.5354407419847792 0.017567095398933644 0.02203878073003082
0 0.6315932047531947 0.5342494565399123 0.057093060046534465 0.019656209840296986
0 0.6813666417168415 0.5375254915132957 0.021958869248667127 0.010721569003798734
0 0.657577866697452 0.5902398724486391 0.04611362542220101 0.023230066174897295
0 0.7044234544279407 0.5956006569505384 0.03879400233931207 0.023230066174897243
0 0.7219905498268758 0.5369298487908624 0.0402579269558899 0.0262082797870638
0 0.7750578171778213 0.537227670152079 0.04684558773048977 0.013699782615965148
