0 0.04033031831679462 0.08861304847501024 0.031223472245260352 0.03585499071243188
0 0.10863166385330165 0.08092983617948912 0.07285476857227416 0.03483056240636241
0 0.17270483085659635 0.0845153352507323 0.03187396125036992 0.033806134100292935
0 0.20132634708141836 0.07580769464914171 0.011058313086863017 0.02253742273352861
0 0.23840422037266498 0.07529548049610696 0.039679829311685066 0.027659564263876026
0 0.2920695632942063 0.07683212295521118 0.048136186378109756 0.03278170579422343
0 0.3522397962668434 0.07785655126128066 0.05659254344453444 0.02253742273352862
0 0.4179391857829121 0.07734433710824593 0.06309743349563028 0.02970842087601498
0 0.09367041673578108 0.15161538929828342 0.05984498847008234 0.03892827563064033
0 0.07448099108504815 0.2084711602851397 0.030572983240150765 0.027659564263876037
0 0.14603478164710315 0.21410551596852187 0.0839130816591372 0.032781705794223404
0 0.22962261880368545 0.20591008951996584 0.0624469444905209 0.024586279345667435
0 0.31711338999092553 0.2043734470608618 0.09822383977154821 0.029708420876015006
0 0.3834632685121035 0.20283680460175746 0.01756320313795888 0.020488566121389475
0 0.427696520859556 0.2069345178260354 0.05789352145475355 0.026635135957806522
0 0.07220427956716453 0.25252157744612735 0.09106846071534265 0.029708420876014874
0 0.1762825203846991 0.2520093632930927 0.0949713947460002 0.030732849182084437
0 0.25141400047485685 0.24125286607936317 0.03187396125036994 0.031757277488153976
0 0.3070308104117268 0.24739943591578004 0.062446944490520725 0.023561851039598097
0 0.3782593564712265 0.243301722691502 0.06569938951606866 0.027659564263875794
0 0.42411883133145317 0.23920400946722417 0.007805868061315096 0.021512994427459128
0 0.454691814571604 0.24791165006881477 0.05203912040876723 0.022537422733528628
0 0.04683520836789054 0.2940109238419415 0.041631296327013796 0.020488566121389697
0 0.12229193296060306 0.29247428138283726 0.08846650469490434 0.027659564263876037
0 0.1772582538923635 0.28837656815855933 0.0071553790562055046 0.023561851039598097
0 0.2286468852960211 0.2924742813828372 0.08391308165913715 0.02765956426387603
0 0.29272005229931586 0.28274221247517717 0.031223472245260384 0.028683992569945468
0 0.3288221920828981 0.28274221247517717 0.022767115178835694 0.026635135957806533
0 0.3636233538562611 0.2873521398524893 0.03252445025547981 0.021512994427459117
0 0.399075004634734 0.28735213985248986 0.02536907119927406 0.029708420876014968
0 0.4361528779259806 0.28581549739338563 0.031873961250369974 0.02048856612138966
0 0.07480623558760285 0.33191477116651213 0.10537921882775357 0.028683992569945735
0 0.15351540520586343 0.32986591455437336 0.04163129632701381 0.022537422733528666
0 0.19221950100988408 0.3262804154831302 0.013660269107301453 0.019464137815320193
0 0.24425862141865132 0.32986591455437336 0.0761072135978221 0.026635135957806533
0 0.29337054130442547 0.32167048810581755 0.019514670153287703 0.022537422733528593
0 0.33239988161100087 0.32320713056492173 0.04553423035767135 0.019464137815320193
0 0.3977740266245148 0.32525598717706067 0.07090330155694538 0.023561851039598132
0 0.45794425959715185 0.32115827395278274 0.033825428265698676 0.031757277488153976
0 0.033825428265698725 0.3703308326441179 0.023417604183945277 0.019464137815320158
0 0.0627721889930755 0.3631598345016316 0.009757335076643852 0.02561070765173703
0 0.0917189497204523 0.3657209052668053 0.03772836229635624 0.016390852897111615
0 0.14538429264199323 0.36469647696073326 0.05399058742409658 0.02663513595780632
0 0.2397051983828841 0.36469647696073565 0.1177385099248359 0.03483056240636225
0 0.3291474365854529 0.3616231920425273 0.052039120408767264 0.016390852897111615
0 0.41306051824459017 0.3595743354303883 0.10017530678687699 0.02868399256994543
0 0.04033031831679462 0.4082346799686888 0.03772836229635627 0.02561070765173696
0 0.09432090574089066 0.40464918089744556 0.057243032449643995 0.026635135957806498
0 0.13790366908323326 0.400039253520133 0.015611736122630192 0.021512994427459162
0 0.18734083347156205 0.3985026110610282 0.07025281255183598 0.024586279345666914
0 0.25434120099784996 0.3949171119897855 0.0494371643883289 0.019464137815320158
0 0.3291474365854524 0.3974781827549589 0.07935965862337002 0.032781705794223966
0 0.3876914470453161 0.395941540295855 0.018213692143068557 0.013317567978903284
0 0.4257450538442271 0.3949171119897855 0.04358276334234248 0.017415281203181296
0 0.03837885130146586 0.4440896706811206 0.02992249423504117 0.021512994427459162
0 0.08618979317702072 0.44255302822201625 0.052689609413876876 0.02458627934566726
0 0.15384064970841815 0.4389675291507732 0.07220427956716453 0.025610707651736907
0 0.19872439106098 0.4374308866916691 0.005854401045986286 0.020488566121389554
0 0.24263239890587734 0.43845531499773854 0.061145966480301545 0.02253742273352856
0 0.29272005229931586 0.43794310084470384 0.028621516224821945 0.015366424591042219
0 0.341506727682535 0.4358942442325647 0.058544010459863134 0.019464137815320078
0 0.38346326851210377 0.4323087451613216 0.011058313086863123 0.01843970950925062
0 0.40135171615261755 0.4307721027022174 0.009106846071534279 0.021512994427459162
0 0.43094896588510395 0.4353820300795301 0.04358276334234255 0.01843970950925069
0 0.03935458480913024 0.4860912312299695 0.035776895281027496 0.02561070765173703
0 0.0965976172587742 0.48353016046479574 0.04748569737300012 0.022537422733528645
0 0.13920464709345243 0.4845545887708652 0.015611736122630173 0.016390852897111757
0 0.18994278949200052 0.4768713764753441 0.06504890051095907 0.0256107076517371
0 0.23482653084456223 0.48250573215872633 0.009106846071534279 0.016390852897111827
0 0.3047540988938433 0.48506680292390003 0.11253459788395918 0.023561851039598097
0 0.39257011458363805 0.4732858774041009 0.047485697373000166 0.022537422733528628
0 0.4527403475562752 0.4768713764753441 0.05334009841898649 0.027659564263876106
0 0.05659254344453439 0.5321905050030962 0.05984498847008234 0.027659564263876037
0 0.112859842386514 0.5198973653302624 0.029272005229931574 0.023561851039598167
0 0.1622970067748427 0.5219462219424009 0.048786675383219257 0.027659564263875672
0 0.20197683608652792 0.5239950785545403 0.018864181148178148 0.0256107076517371
0 0.22702066278324715 0.5152874379529497 0.016912714132849407 0.024586279345667563
0 0.25531693450551435 0.5188729370241929 0.031873961250369974 0.019464137815320227
0 0.309632766432165 0.5132385813408105 0.05464107642920596 0.03278170579422395
0 0.36492433186648043 0.5173362945650887 0.04423325234745214 0.03278170579422344
0 0.4315994548902131 0.5163118662590186 0.07350525757738433 0.026635135957805353
0 0.04553423035767135 0.5639477824912501 0.02862151622482199 0.029708420876014968
0 0.08846650469490433 0.5639477824912501 0.041631296327013796 0.021512994427459162
0 0.13204926803724693 0.5629233541851807 0.029922494235041164 0.02561070765173696
0 0.16359798478506207 0.5624111400321458 0.01886418114817813 0.02048856612138969
0 0.2413314208956581 0.5593378551139373 0.11968997694016464 0.026635135957806522
0 0.3636233538562608 0.558825640960902 0.11448606489928775 0.031757277488155065
0 0.06407316700329468 0.6054371288870642 0.05919449946497277 0.030732849182084507
0 0.1297725565193633 0.6059493430400987 0.060495477475191864 0.03995270393670992
0 0.18994278949200052 0.605949343040099 0.04553423035767135 0.03380613410029284
0 0.22311772875258964 0.6044127005809947 0.015611736122630192 0.022537422733528628
0 0.2562926680131785 0.6023638439688557 0.041631296327013664 0.030732849182085086
0 0.2920695632942061 0.603388272274925 0.02992249423504122 0.02048856612138954
0 0.3483368622361859 0.6013394156627863 0.06439841150584946 0.03483056240636238
0 0.3922448700810833 0.6033882722749252 0.01431075811241108 0.020488566121389554
0 0.41663820777269267 0.5998027732036819 0.018864181148178144 0.02356185103959798
0 0.44265776797707646 0.601851629815821 0.024068093189054805 0.023561851039598024
0 0.06244694449052071 0.6433409762116349 0.07285476857227416 0.03278170579422344
0 0.12164144395549346 0.6433409762116351 0.03252445025547951 0.02253742273352856
0 0.17335531986170577 0.6397554771403913 0.05789352145475375 0.023561851039597678
0 0.21466137168616473 0.6418043337525305 0.013009780102191747 0.015366424591042403
0 0.23547701984967187 0.6382188346812877 0.020815648163506922 0.020488566121389766
0 0.276457827171576 0.6428287620586004 0.0507381423985481 0.03585499071243182
0 0.34248246119019954 0.6330966931509402 0.06309743349563028 0.026635135957806567
0 0.4146867407573636 0.639755477140391 0.06309743349563 0.03175727748815436
0 0.06960232354672616 0.6849882958836331 0.08326259265402766 0.023561851039596772
0 0.13855415808834284 0.673207370363835 0.037728362296356274 0.02253742273352856
0 0.18473887745112377 0.6773050835881129 0.041631296327013845 0.026635135957806425
0 0.21498661618871964 0.6757684411290082 0.014961247117520449 0.021512994427459072
0 0.2471858219416444 0.6793539402002514 0.039029340306575386 0.026635135957806408
0 0.27971027219712363 0.6742317986699046 0.016912714132849543 0.01639085289711165
0 0.30507934339639803 0.671158513751696 0.020815648163506957 0.024586279345667636
0 0.3346765931288844 0.6716707279047308 0.027971027219712424 0.019464137815320158
0 0.05236436491132206 0.7146967167596492 0.03577689528102751 0.03380613410029298
0 0.10017530678687697 0.7136722884535793 0.036427384286137045 0.029708420876014954
0 0.15676785023141138 0.7121356459944752 0.05464107642920563 0.03483056240636259
0 0.20327781409674714 0.7070135044641279 0.02797102721971239 0.024586279345667636
0 0.2458848439314253 0.7080379327701973 0.04163129632701377 0.02048856612138948
0 0.2823122282175624 0.7105990035353712 0.018213692143068557 0.019464137815320158
0 0.30995801093472003 0.7070135044641279 0.025369071199274097 0.016390852897111757
0 0.34053099417487076 0.7100867893823364 0.024068093189054805 0.02663513595780671
0 0.39647304861429555 0.7008669346277107 0.07480623558760316 0.020488566121389083
0 0.45891999310481607 0.698818078015572 0.0344759172708081 0.024586279345667483
0 0.050738142398548076 0.7520883499311851 0.03382542826569872 0.032781705794223515
0 0.12131619945293864 0.7526005640842197 0.08911699370001398 0.03585499071243182
0 0.2029525695941923 0.7438929234826293 0.0546410764292056 0.032781705794223515
0 0.251088755972302 0.7454295659417335 0.026019560204383615 0.0256107076517371
0 0.28458893973544597 0.7403074244113861 0.03057298324015072 0.01741528120318094
0 0.3109337444423842 0.738258567799247 0.010407824081753413 0.019464137815320436
0 0.35711846380516493 0.7408196385644199 0.066349878521179 0.028683992569945603
0 0.4124100292394805 0.7351852828810388 0.036427384286137114 0.023561851039598024
0 0.4472111910128437 0.7356974970340735 0.021466137168616513 0.024586279345667636
0 0.04976240889088367 0.787431126490582 0.055291565434315196 0.023561851039597948
0 0.10115104029454136 0.7828211991132696 0.03707787329124667 0.016390852897111757
0 0.16229700677484274 0.7817967708071998 0.07220427956716453 0.030732849182084836
0 0.21856430571682214 0.7802601283480957 0.02601956020438359 0.023561851039599027
0 0.054641076429205605 0.8166273332135614 0.04423325234745219 0.0327817057942233
0 0.11188410887884957 0.8115051916832147 0.04943716438832891 0.02868399256994563
0 0.18506412195367858 0.8094563350710763 0.07740819160804126 0.028683992569945502
0 0.2523897339825212 0.8068952643059025 0.03642738428613704 0.02561070765173696
0 0.31613765648326114 0.8140662624483889 0.07415574658249334 0.03175727748815391
0 0.367201043384364 0.8048464076937634 0.009757335076643798 0.01536642459104229
0 0.4368033669310901 0.8033097652346592 0.10863166385330167 0.024586279345667636
0 0.030247738737595967 0.851457895619925 0.011058313086863048 0.018439709509250547
0 0.09594712825366461 0.858116679609376 0.09692286176132897 0.03380613410029281
0 0.19124376750221958 0.8494090390077856 0.07545672459271253 0.034830562406362245
0 0.05951974396752755 0.88116631649594 0.051388631403657674 0.02663513595780671
0 0.11806375442739071 0.8857762438732526 0.026670049209493226 0.02561070765173696
0 0.2273459072858016 0.8796296740368333 0.16847665232338435 0.03380613410029327
0 0.325894991559905 0.8719464617413146 0.009106846071534207 0.01843970950925069
0 0.399075004634734 0.8750197466595231 0.12424339997593187 0.03278170579422323
0 0.4787599077606587 0.8780930315777314 0.02601956020438372 0.03483056240636229
0 0.03870409580402065 0.9165090930553371 0.0344759172708083 0.027659564263875894
0 0.08163637014125363 0.9200945921265802 0.03837885130146585 0.024586279345667636
0 0.14636002614965793 0.9200945921265804 0.07155379056205505 0.028683992569945502
0 0.1961224350405416 0.9124113798310591 0.009757335076643869 0.019464137815320016
0 0.23482653084456231 0.9124113798310591 0.05334009841898645 0.019464137815320016
0 0.3268707250675693 0.908825880759816 0.11643753191461666 0.026635135957806567
0 0.05919449946497275 0.95031522715563 0.05073814239854808 0.029708420876014968
0 0.1369279355755685 0.9462175139313516 0.08911699370001366 0.025610707651738545
0 0.2384042203726643 0.9451930856252808 0.09041797171023273 0.03790384732457197
0 0.3255697470573499 0.9508274413086645 0.0735052575773837 0.032781705794223286
0 0.5267692487827726 0.06505119743541213 0.01235929109708223 0.03380613410029292
0 0.5576674765254782 0.07068555311879429 0.033825428265698676 0.02048856612138965
0 0.6110075749444647 0.06351455497630791 0.057243032449644037 0.024586279345667574
0 0.6897167445627251 0.06197791251720366 0.08196161464380847 0.02765956426387601
0 0.772328848211643 0.061977912517203644 0.06765085653139731 0.021512994427459096
0 0.8305476141689516 0.05890462759899525 0.02927200522993175 0.023561851039598115
0 0.8770575780342873 0.059929055905064726 0.05073814239854798 0.025610707651737067
0 0.9323491434686025 0.05839241344596051 0.052039120408767306 0.024586279345667598
0 0.5189633807214575 0.10654054383122619 0.030572983240150647 0.030732849182084472
0 0.5752306796634371 0.10244283060694827 0.06114596648030158 0.03073284918208449
0 0.6435320251999442 0.09629626077053136 0.05984498847008233 0.034830562406362404
0 0.688415766552506 0.09424740415839239 0.016912714132849373 0.02253742273352861
0 0.7251683953411978 0.09424740415839239 0.03967982931168493 0.02253742273352861
0 0.7876153398317182 0.1003939739948092 0.07610721359782198 0.03483056240636238
0 0.5189633807214575 0.13676117886027592 0.0071553790562054334 0.02356185103959808
0 0.5488858749564988 0.14137110623758845 0.03447591727080833 0.018439709509250703
0 0.5885657042681838 0.13573675055420645 0.03187396125036976 0.02561070765173705
0 0.618488198503225 0.132663465635998 0.013660269107301488 0.019464137815320175
0 0.6685758518966634 0.13727339301331065 0.07480623558760285 0.026635135957806533
0 0.7313480408897387 0.1336878939420674 0.04423325234745233 0.023561851039598087
0 0.7960716968981427 0.13368789394206737 0.06830134553650756 0.03585499071243206
0 0.8435573942711432 0.12754132410565056 0.013660269107301415 0.021512994427459128
0 0.8705526879831913 0.13010239487082428 0.0182136921430687 0.02048856612138966
0 0.9180383853561915 0.13266346563599796 0.06244694449052062 0.027659564263876016
0 0.550186852966718 0.20898337443817447 0.06830134553650709 0.03483056240636241
0 0.5589684545356974 0.26071700389468333 0.05724303244964389 0.03175727748815394
0 0.60255121787804 0.25764371897647487 0.011708802091972644 0.02561070765173703
0 0.6454834922152729 0.2576437189764746 0.05334009841898613 0.029708420876014982
0 0.7228916838233144 0.2571315048234401 0.08586454867446591 0.016390852897111684
0 0.7915182738623762 0.2581559331295096 0.03707787329124669 0.028683992569945513
0 0.8354262817072734 0.26276586050682227 0.04293227433723288 0.029708420876014968
0 0.8832372235828285 0.26020478974164857 0.03707787329124684 0.02253742273352855
0 0.9385287890171436 0.25764371897647487 0.05529156543431526 0.027659564263876
0 0.5482353859513892 0.30579184936174053 0.08131112563869891 0.02356185103959806
0 0.6168619759904509 0.30527963520870577 0.039029340306575504 0.038928275630640184
0 0.6887410110550607 0.29810863706621943 0.09171894972045208 0.02868399256994561
0 0.5388032953773 0.3426712683802417 0.024718582194164233 0.03175727748815402
0 0.5713277456327795 0.34574455329844894 0.015611736122630407 0.025610707651737022
0 0.5875899707605194 0.3457445532984504 0.010407824081753461 0.017415281203181223
0 0.6035269513857044 0.34318348253327663 0.009757335076643869 0.01843970950925069
0 0.6318232231079712 0.3436956966863112 0.03382542826569872 0.017415281203180984
0 0.6760564754554237 0.3488178382166588 0.04423325234745221 0.027659564263876037
0 0.7440325764893757 0.3472811957575545 0.08261210364891776 0.02458627934566775
0 0.8159116115539854 0.34318348253327663 0.04033031831679462 0.028683992569945315
0 0.8848634460956023 0.34728119575755456 0.08716552668468523 0.020488566121389697
0 0.953815280637219 0.34369569668631145 0.04033031831679466 0.021512994427459162
0 0.5170119137061288 0.3862094713881949 0.021466137168616582 0.016390852897111757
0 0.553439297992266 0.3826239723169518 0.03187396125036983 0.023561851039598097
0 0.6217406435287729 0.3862094713881949 0.08911699370001394 0.020488566121389624
0 0.6955711456087116 0.3851850430821254 0.037728362296356295 0.030732849182084507
0 0.7456587990021489 0.389282756306403 0.05984498847008226 0.04507484546705786
0 0.5303469383108754 0.4246255328658006 0.031223472245260384 0.02970842087601504
0 0.5667743225970124 0.4276988177840089 0.01561173612263012 0.021512994427459232
0 0.6188134430057795 0.4282110319370437 0.07025281255183574 0.038928275630640705
0 0.6793089204809717 0.42104003379455734 0.0299224942350412 0.03278170579422344
0 0.7072799477006843 0.4287232460900784 0.013009780102191684 0.017415281203181223
0 0.742406353976602 0.4251377470188352 0.04033031831679466 0.024586279345667563
0 0.7944454743853693 0.4266743894779394 0.05203912040876702 0.019464137815320227
0 0.8370525042200475 0.4282110319370437 0.016262225127739782 0.01843970950925069
0 0.8861644241058215 0.4282110319370437 0.07155379056205505 0.026635135957806567
0 0.9502375911091157 0.43486981592649476 0.04618471936278051 0.02765956426387608
0 0.5459586744335057 0.4763591623223094 0.07675770260293177 0.028683992569945645
0 0.6074298854163619 0.47584694816927464 0.026670049209493313 0.02561070765173703
0 0.6682506073941087 0.4722614490980314 0.07805868061315095 0.03278170579422344
0 0.7385034199459442 0.4712370207919607 0.05073814239854823 0.02253742273352864
0 0.7820861832882872 0.47226144909803147 0.02862151622482216 0.020488566121389766
0 0.8386787267328214 0.4717492349449967 0.06895183454161653 0.027659564263876037
0 0.9069800722693284 0.46816373587375354 0.048136186378109756 0.020488566121389697
0 0.9482861240937875 0.4753347340162399 0.024068093189054878 0.026635135957806567
0 0.5563664985152589 0.5152874379529496 0.09236943872556184 0.0245862793456671
0 0.6227163770364373 0.5117019388817066 0.020815648163506922 0.017415281203181223
0 0.6900419890652799 0.5157996521059843 0.09822383977154812 0.031757277488154045
0 0.7508627110430267 0.5101652964226023 0.009106846071534279 0.0225374227335287
0 0.7729793372167526 0.5096530822695675 0.02211662617372596 0.021512994427459162
0 0.8120086775233282 0.5152874379529497 0.04813618637810961 0.03687941901850138
0 0.861445841911657 0.5163118662590189 0.04163129632701383 0.02253742273352855
0 0.9125092288127596 0.5111897247286716 0.042281785332123546 0.030732849182084073
0 0.9486113685963423 0.5111897247286717 0.014310758112411009 0.016390852897111684
0 0.537502317367081 0.5572889985017985 0.05854401045986322 0.02253742273352856
0 0.5957210833243893 0.5511424286653817 0.037077873291246635 0.030732849182084507
0 0.6445077587076087 0.5572889985017986 0.047485697373000166 0.030732849182084507
0 0.702726524664917 0.5547279277366248 0.055942054439424994 0.029708420876014968
0 0.7687511586835403 0.5501180003593117 0.06569938951606855 0.028683992569945006
0 0.8162368560565406 0.5552401418896595 0.018864181148178148 0.022537422733528628
0 0.8383534822302667 0.5552401418896595 0.011058313086863052 0.022537422733528628
0 0.8741303775112941 0.5552401418896595 0.047485697373000166 0.03278170579422344
0 0.9372278110069244 0.5506302145123464 0.07350525757738338 0.03380613410029281
0 0.5427062294079577 0.5910951326020915 0.06895183454161667 0.03687941901850131
0 0.605803662903588 0.5921195609081609 0.053340098418986556 0.03892827563064025
0 0.7043527471776899 0.5864852052247741 0.12164144395549548 0.027659564263875773
0 0.7765570267448555 0.5844363486126398 0.011058313086863052 0.02151299442745902
0 0.820465034589753 0.5900707042960219 0.06244694449052077 0.026635135957806567
0 0.9069800722693284 0.5854607769187091 0.09757335076643853 0.021512994427459103
0 0.5680753006072315 0.6330966931509395 0.07285476857227421 0.03483056240636294
0 0.6256435775594305 0.6300234082327318 0.030572983240150862 0.020488566121389766
0 0.6575175388098004 0.6289989799266622 0.021466137168616655 0.016390852897111615
0 0.7293965738744103 0.6213157676311412 0.09887432877665774 0.02970842087601504
0 0.8032270759543487 0.6264379091614881 0.03447591727080804 0.025610707651737077
0 0.8533147293477873 0.6259256950084537 0.04878667538321921 0.024586279345667636
0 0.9173878963510812 0.6254134808554187 0.07285476857227556 0.025610707651736626
0 0.967800794247075 0.6264379091614884 0.014961247117520586 0.01946413781532008
0 0.542055740402848 0.6767928694350782 0.0689518345416166 0.03790384732457085
0 0.6168619759904509 0.6691096571395571 0.057243032449644175 0.018439709509250547
0 0.662721450850677 0.6644997297622445 0.0149612471175206 0.027659564263876037
0 0.6858138105320677 0.6675730146804528 0.014310758112411009 0.02151299442745909
0 0.7446830654944853 0.6650119439152785 0.08261210364891795 0.022537422733528677
0 0.7934697408777049 0.6644997297622445 0.008456357066424832 0.015366424591042302
0 0.8217660125999722 0.663475301456175 0.032524450255479564 0.019464137815320158
0 0.8601448639014379 0.6701340854456265 0.03382542826569861 0.024586279345667494
0 0.8988489597054585 0.6670608005274181 0.03057298324015079 0.030732849182084295
0 0.9229170528945134 0.6675730146804528 0.009757335076643869 0.013317567978903355
0 0.955441503149993 0.6680852288334875 0.042281785332123435 0.020488566121389624
0 0.5335993833364233 0.7126478601475099 0.05984498847008233 0.0194641378153203
0 0.5960463278269441 0.7100867893823363 0.04683520836789043 0.016390852897111757
0 0.6318232231079716 0.7095745752293016 0.009106846071534207 0.01536642459104229
0 0.6721535414247661 0.708550146923232 0.05854401045986306 0.033806134100293
0 0.7394791534536089 0.6998425063216414 0.056592543444534425 0.026635135957806554
0 0.7811104497806227 0.7018913629337803 0.01626222512773964 0.018439709509250685
0 0.8188388120769787 0.70291579123985 0.04488374135256166 0.028683992569945534
0 0.8890916246288146 0.7070135044641276 0.08781601568979477 0.026635135957806835
0 0.9583687036729862 0.7070135044641279 0.03772836229635615 0.02253742273352856
0 0.5391285398798547 0.7546494206963585 0.06569938951606868 0.03380613410029218
0 0.6175124649955606 0.7485028508599416 0.07155379056205502 0.03380613410029265
0 0.6942701675984924 0.7464539942478029 0.06634987852117845 0.0256107076517371
0 0.7463092880072597 0.7459417800947682 0.03122347224526024 0.020488566121389766
0 0.7996493864262461 0.742356281023525 0.06374792250073995 0.031757277488154045
0 0.838028237727712 0.7474784225538725 0.010407824081753461 0.017415281203181223
0 0.8715284214908559 0.7474784225538724 0.046184719362781124 0.021512994427459232
0 0.936577322001815 0.7479906367069071 0.06700036752628775 0.028683992569945502
0 0.5332741388338686 0.7915288397148603 0.05268960941387675 0.021512994427459232
0 0.5976725503397181 0.783845627419339 0.046184719362780985 0.038928275630640455
0 0.6523136267689235 0.7833334132663039 0.04228178533212324 0.027659564263876564
0 0.6975226126240404 0.7802601283480959 0.031223472245260522 0.02561070765173696
0 0.7589938236068966 0.7848700557254085 0.07740819160804122 0.028683992569945502
0 0.810707699513109 0.7828211991132696 0.011708802091972644 0.01843970950925083
0 0.8474603283018008 0.7843578415723738 0.04748569737300001 0.029708420876014986
0 0.9037276272437805 0.785894484031478 0.05073814239854798 0.030732849182084437
0 0.9476356350886779 0.7833334132663043 0.031873961250369974 0.027659564263875894
0 0.5186381362189029 0.8268716162742574 0.020815648163506992 0.02253742273352856
0 0.5576674765254781 0.8268716162742568 0.041631296327014136 0.018439709509250137
0 0.616861975990451 0.8253349738151531 0.052039120408767306 0.023561851039598167
0 0.6744302529426497 0.8212372605908752 0.04228178533212329 0.027659564263876037
0 0.7202897278028759 0.8258471879681878 0.032524450255479564 0.024586279345667636
0 0.7736298262218623 0.8207250464378397 0.05854401045986293 0.034830562406362287
0 0.8497370398196842 0.8217494747439095 0.07805868061315105 0.030732849182083993
0 0.9336501214788216 0.8222616888969446 0.07675770260293177 0.029708420876014968
0 0.5521383199820467 0.867336534364002 0.08391308165913713 0.02970842087601511
0 0.6246678440517661 0.8591411079154461 0.036427384286137114 0.023561851039598167
0 0.6662991403787794 0.8596533220684789 0.02341760418394629 0.016390852897111743
0 0.7359014639255055 0.8586288937624105 0.10017530678687782 0.034830562406364174
0 0.5345751168440873 0.9016548826173287 0.025369071199274715 0.03278170579422539
0 0.5674248116021221 0.8996060260051906 0.02601956020438358 0.024586279345667636
0 0.6035269513857044 0.9016548826173296 0.0266700492094931 0.01843970950925069
0 0.6620709618455674 0.8965327410869819 0.07480623558760281 0.022537422733528545
0 0.7394791534536082 0.8929472420157378 0.0630974334956318 0.03175727748815654
0 0.8016008534415744 0.8990938118521554 0.0390293403065756 0.04609927377312616
0 0.8390039712353758 0.8934594561687733 0.034475917270809175 0.026635135957807053
0 0.8825867345777187 0.8903861712505653 0.042281785332123435 0.028683992569945645
0 0.9372278110069244 0.8893617429444959 0.056592543444534155 0.028683992569945502
0 0.5264440042802176 0.9400709440949347 0.029922494235040797 0.027659564263875138
0 0.5710025011302249 0.9395587299419005 0.039679829311685066 0.03073284918208458
0 0.6389786021641771 0.9339243742585183 0.05464107642920574 0.021512994427459232
0 0.6952459011061566 0.934436588411553 0.04228178533212329 0.03687941901850152
0 0.7394791534536092 0.9334121601054832 0.040980807321904116 0.018439709509250824
0 0.7791589827652939 0.9293144468812057 0.022767115178835836 0.02663513595780671
0 0.8565671743733341 0.9323877317994136 0.11643753191461827 0.03073284918208553
0 0.9225918083919582 0.9308510893403088 0.01040782408175271 0.017415281203181747
0 0.9570677256627667 0.9323877317994138 0.05334009841898632 0.028683992569945492
