0 0.20159043115282066 0.07895244285852923 0.20692351134204873 0.054382180558157155
0 0.47837729297375725 0.09041856526536945 0.331717587769985 0.04979573159542085
0 0.06879673444104209 0.12055808702049274 0.05226418585443506 0.027518693776416865
0 0.15519263350653678 0.13464503740603936 0.12052761227655431 0.04651969662203796
0 0.9460884255690596 0.038984816183257186 0.061863730195045576 0.028173900771093434
0 0.9476883496258277 0.08419409881594195 0.028798633021831867 0.02686348678174018
0 0.3045188788049228 0.1280929674592736 0.13546023680639296 0.019001002845621145
0 0.444245579762698 0.13530024440071597 0.10772821982240681 0.03210514273915294
0 0.588772052890777 0.12940338144862656 0.15785917360115032 0.03472597071785956
0 0.7322319099810138 0.12285131150186088 0.09919529151964199 0.016380174866914777
0 0.09172897925472277 0.1670777836425308 0.11519453208732627 0.028829107765770027
0 0.20319035520958928 0.17494026757864967 0.10346175567102424 0.023587451808357224
0 0.30718541889953677 0.16937100812389885 0.08959574717903167 0.013759346888208412
0 0.383981773624421 0.16183612768511804 0.025598784908294682 0.023587451808357317
0 0.4437122717437751 0.17461266408131157 0.07466312264919327 0.03210514273915291
0 0.6005522938268173 0.1664225766478541 0.19945719907712983 0.03800200569124235
0 0.7610780075225817 0.15888769620907334 0.11519453208732632 0.022932244813680735
0 0.8906718561208246 0.15364604025166065 0.11199468397378962 0.02424265880303387
0 0.0661301943464279 0.221787567698026 0.08106281887626648 0.034725970717859586
0 0.22398936794757815 0.2172011187352899 0.21972290379619572 0.03341555672850612
0 0.37438222928381043 0.20737301381514112 0.06399696227073684 0.021621830824327518
0 0.4282463391950139 0.21032144529118582 0.022398936794757986 0.013104139893531794
0 0.5013095377874377 0.2047521858364347 0.09812867548179635 0.022932244813680586
0 0.7055665090348725 0.20704541031780263 0.28265325002908714 0.027518693776416803
0 0.9039570920741569 0.20180375436039014 0.08212943491411226 0.022277037819004062
0 0.07039665849781045 0.2656864363413573 0.08106281887626658 0.033415556728507156
0 0.17759157030129466 0.2666692468333723 0.09492882736825975 0.03538117771253585
0 0.3247845835239876 0.25651353841588354 0.14825962926054065 0.04651969662203823
0 0.5311747868471133 0.2561859349185465 0.2517213849315636 0.036691591701889556
0 0.7364983741323964 0.24996146846911926 0.1311937726550104 0.02555307279238701
0 0.8442265939548034 0.24897865797710472 0.05226418585443511 0.015724967872238232
0 0.9348889571716787 0.24766824398775142 0.10559498774671558 0.03800200569124227
0 0.07519643066811577 0.30565406301662984 0.07999620283842102 0.02686348678174024
0 0.1791914943580631 0.30008480356187883 0.08959574717903157 0.014414553882885065
0 0.2906528703129288 0.3076196840006593 0.1077282198224066 0.033415556728506754
0 0.38014195588817684 0.29674324788902817 0.032851773965644926 0.015856009271173546
0 0.43528600504479475 0.30881543676594436 0.07274321378107083 0.034234565471851885
0 0.5020455028535519 0.29454502842188807 0.03355574055062288 0.01030640602626281
0 0.6007768163967294 0.30009463166679795 0.14841962166621905 0.04201842456860947
0 0.7098329731862562 0.2921666270312122 0.04646179460855507 0.011892006953380161
0 0.7937223245628137 0.2996982314350196 0.1264793297677329 0.03488322039658172
0 0.9034237840552352 0.2905613698942547 0.0722739027244188 0.016648809734732203
0 0.04968830812303793 0.3361473965488785 0.0374275567680026 0.026955215760994945
0 0.1226075135503533 0.3369401970124369 0.07485511353600512 0.02695521576099492
0 0.24715093520939646 0.34011139886667197 0.14841962166621722 0.014270408344056094
0 0.3671772379481632 0.33575099631709876 0.07356450813021224 0.01982001158896689
0 0.4633273406797538 0.3492286041975947 0.08259874597076483 0.034090419933023614
0 0.5368918488099683 0.3329761946946438 0.025812108115863878 0.019027211125408172
0 0.6181999893749387 0.33654379678065743 0.11615448652138766 0.030919218078787964
0 0.73564508130212 0.3424898002573479 0.08259874597076447 0.028540816688112328
0 0.8627697137727481 0.3385257979395544 0.14841962166621675 0.039640023177933435
0 0.06130375677517655 0.38490462505773687 0.06323966488386634 0.015063208807614348
0 0.1484196216662172 0.378958621581047 0.09292358921710987 0.020612812052525555
0 0.28651440008608886 0.38014782227638505 0.15745385950676952 0.016648809734732168
0 0.4517118920276175 0.3726162178725776 0.14454780544883752 0.03171201854234709
0 0.6072298434256971 0.38728302644841295 0.16648809734732142 0.04994642920419655
0 0.7556494650919146 0.37658022019037096 0.09937661624607586 0.017441610198290932
0 0.8808381894538531 0.38252622366706057 0.1406759892314554 0.034090419933024224
0 0.04000876757958898 0.4272016650788567 0.04388058379696856 0.016648809734732168
0 0.12325281625324994 0.4335440687873262 0.09163298381131674 0.03567602086014041
0 0.24069790818042924 0.4311656673966499 0.11744509192718088 0.04836082827707898
0 0.40718600552775214 0.43156206762842914 0.20262504870953119 0.03964002317793373
0 0.5827083407156266 0.4335440687873262 0.1251887243619396 0.03567602086014041
0 0.6775678380414263 0.416895259052594 0.025812108115863878 0.026162415297436254
0 0.821896454000539 0.42878726600597367 0.24263381628912004 0.04360402549572658
0 0.07098329731862563 0.4684272891839079 0.09034237840552352 0.018234410661849623
0 0.1497102270720104 0.465652487561452 0.04646179460855498 0.025369614833877605
0 0.23618078926015407 0.46406688663433315 0.08001753515917862 0.019027211125408068
0 0.36459602713657707 0.4672380884885699 0.14325720004304443 0.01902721112540824
0 0.5072079244767235 0.46644528802500923 0.1109920648982168 0.020612812052525374
0 0.6311060434328715 0.4731840919652599 0.1084108540866282 0.03409041993302303
0 0.7405883134355682 0.46485968709789377 0.0955048000286962 0.015856009271173477
0 0.8477085621164026 0.4612920850118796 0.10841085408662784 0.011892006953379912
0 0.9354697297103399 0.4517784794491753 0.03613695136220983 0.02457681437031889
0 0.07356450813021201 0.5148061163020904 0.08517995678235074 0.04598242688640319
0 0.16261628112994223 0.5072745118982828 0.07227390272441879 0.022991213443201278
0 0.22650124871670538 0.5088601128254004 0.03742755676800257 0.01189200695338009
0 0.29504890277530216 0.5004922667127545 0.08574599252402726 0.030520536190794964
0 0.4420992731319289 0.515506401451775 0.18431381570585365 0.029043736052531223
0 0.5570950668440591 0.5063994672658118 0.03445866989283339 0.01476800138264295
0 0.6608717587306159 0.5083685341168316 0.1506565102291325 0.04430400414793021
0 0.7860357008979875 0.5127989345316237 0.08815008577236469 0.033474136467324014
0 0.8878089817442636 0.4977847997926045 0.09135554343681312 0.02510560235049302
0 0.04768118275868823 0.5514418714828727 0.03766412755728315 0.022152002073964477
0 0.14985514581302012 0.5595642722433266 0.12982103541020987 0.025597869063247278
0 0.31253212228383886 0.5529186716211371 0.1634783408869311 0.012306667818869242
0 0.45878112822435313 0.5627640058762323 0.09375963668515169 0.03790453688211692
0 0.07693098394679108 0.5969765424126885 0.0897528146045896 0.052180271552005025
0 0.1662831163433245 0.5913154752160087 0.07292416186622906 0.023136535499473965
0 0.22478271871953023 0.5962381423435563 0.021636839235034983 0.009353067542340483
0 0.26124479965264474 0.5903309417904992 0.014424559490023298 0.022152002073964353
0 0.314936215532176 0.6068218766677838 0.07372552628234147 0.034458669892833596
0 0.4127026742978897 0.6026376096093686 0.08815008577236466 0.027074669201512053
0 0.5633591845270219 0.5932845420670311 0.17469744271250515 0.04085813715864537
0 0.047280500550632036 0.6314352123055224 0.03686276314117071 0.02461333563773765
0 0.10658146734295011 0.6346349459384324 0.06731461095344238 0.01821386837192632
0 0.20595065494088863 0.6370962795022018 0.10738283175906252 0.009353067542340554
0 0.3213471308610753 0.6385730796404689 0.09456100110126382 0.015260268095398339
0 0.42592518716374433 0.6336504125129198 0.09856782318182612 0.026090135775999862
0 0.5156780017683341 0.6447264135499008 0.06971870420177945 0.03445866989283352
0 0.6270676556079584 0.6390653463532187 0.1322251286585472 0.03593547003109914
0 0.7432654959442576 0.6329120124437861 0.07773234836290371 0.019690668510190506
0 0.8821994308314762 0.6358656127203147 0.15867015439025664 0.03741227016936215
0 0.05168800483925026 0.6737701496024318 0.024842296899484605 0.022644268786719123
0 0.11058828942351219 0.6811541502937533 0.06250642445676774 0.011814401106114331
0 0.17710153596084208 0.681400283650131 0.025643661315597154 0.013291201244378785
0 0.27206321927016225 0.6732778828896769 0.13863604398744644 0.026582402488757283
0 0.39827811480786635 0.6767237498789603 0.08975281460458959 0.023628802212228663
0 0.4659934079693647 0.6784466833736019 0.015225923906135747 0.009353067542340625
0 0.4992500312380296 0.6718010827514127 0.01923274598669793 0.018706135084681108
0 0.5946123967554066 0.6722933494641674 0.1442455949002327 0.024613335637737974
0 0.7132143303400429 0.6831232171447733 0.08013644161124057 0.04135040387140065
0 0.842634683542196 0.6801696168682464 0.15786878997414472 0.032489603041814294
0 0.09776645876571369 0.7257042877980594 0.12501284891353556 0.035935470031097906
0 0.1907247310347529 0.7225045541651534 0.03365730547672111 0.012798934531623729
0 0.2708611726459936 0.7254581544416822 0.10417737409461282 0.019690668510190204
0 0.4175108607945646 0.7163512202557221 0.15867015439025595 0.028059202627021912
0 0.5489346250369989 0.7215200207396438 0.08334189927569029 0.017721601659171426
0 0.6326772065207458 0.7303808215692311 0.08895145018847778 0.03150506961630472
0 0.7689091572598548 0.7161050868993415 0.15306060347746991 0.020675201935700046
0 0.8785932909589704 0.71905868717587 0.039266856389508005 0.014768001382642807
0 0.9382949399593454 0.7296424215000973 0.07212279745011677 0.03495093660558889
0 0.08053712381929692 0.7665624249567048 0.1017732808462757 0.013291201244378784
0 0.1835124512897412 0.7788690927755738 0.08334189927569033 0.0369200034566072
0 0.2792754990151739 0.7621320245419119 0.09696509434960127 0.024121068924983575
0 0.34378533451222265 0.7655778915311953 0.014424559490023369 0.009353067542340625
0 0.4279285982040254 0.7645933581056857 0.1346292219068844 0.01526026809539772
0 0.5813898838895514 0.7727157588661393 0.1466496881485705 0.026582402488757283
0 0.6823618003197148 0.7636088246801762 0.031253212228383946 0.010337600967850023
0 0.7404607204878646 0.7638549580365538 0.0673146109534425 0.010829867680604793
0 0.8317134726163948 0.7685314918077236 0.08815008577236526 0.028059202627021728
0 0.91465468968403 0.7616397578291572 0.056896873543978745 0.014275734669888603
0 0.06170506004065535 0.8096357623227468 0.05769823796009331 0.013783467957133411
0 0.07612961953067869 0.8512322995505244 0.10257464526238813 0.04479627086068362
0 0.19593359973948352 0.855027453093722 0.11138965383962456 0.01722933494641665
0 0.2712618548540498 0.8533045195990802 0.018431381570585367 0.010829867680604933
0 0.3526003430894592 0.8552735864500992 0.11058828942351219 0.023628802212228517
0 0.4732056877143767 0.85995012022127 0.10978692500739885 0.041842670584154466
0 0.5966158077956871 0.8503509193225517 0.10177328084627568 0.01378346795713328
0 0.6803583892794336 0.8437053187003624 0.0336573054767212 0.020182935222945276
0 0.7749193903806977 0.84862798582791 0.12661557774576038 0.014275734669888039
0 0.9126512786437482 0.8424746519184754 0.11379374708796136 0.024613335637738175
0 0.07893439498707212 0.900808257379915 0.09055417902070204 0.02904373605253113
0 0.18471449791390987 0.8924397232630839 0.11138965383962456 0.013291201244378614
0 0.3137341689080074 0.8949010568268578 0.11299238267184944 0.018213868371926196
0 0.39106583506285475 0.8936703900449711 0.019232745986697778 0.008860800829585855
0 0.4856268361641186 0.9037618576564439 0.14264286606800902 0.03199733632905992
0 0.6270676556079587 0.8929319899758387 0.12260875566519754 0.04184267058415481
0 0.7256354787897848 0.8926858566194613 0.05208868704730648 0.012798934531623871
0 0.8152855020860901 0.8939165234013483 0.09375963668515155 0.017229334946416656
0 0.8966239903214995 0.8902245230556874 0.06250642445676789 0.013783467957133411
0 0.09295827226903924 0.9364975940546355 0.09456100110126403 0.015752534808152488
0 0.20274519727643894 0.9441277281023343 0.09776645876571367 0.032981869754569265
0 0.3329669148947052 0.9438815947459568 0.13062239982632232 0.026582402488757234
0 0.49644525578163623 0.9362514606982582 0.16748516296749302 0.019198401797435736
0 0.6479031304268813 0.945112261527844 0.12901967099409753 0.03396640318007882
0 0.8053712381929694 0.9384666609056548 0.1602728832224814 0.024613335637737585
0 0.924774536193718 0.9360053273418844 0.07052006861789119 0.04430400414792764
