0 0.12279245612096201 0.04748478376484689 0.11824458737574105 0.033766957343891124
0 0.1487802775222238 0.0886382630277142 0.10525067667511018 0.027435652841911552
0 0.2813181666686589 0.0907486978617074 0.12344215165599341 0.023214783173925148
0 0.42035301116540935 0.09391435011269719 0.11824458737574119 0.029546087675904716
0 0.5463939449615289 0.09496956752969381 0.10005311239485777 0.03165652250989794
0 0.6685367055474594 0.09180391527870398 0.09745433025473155 0.027435652841911545
0 0.7361050411907399 0.09285913269570059 0.022089648191072512 0.023214783173925148
0 0.7997752036238314 0.0886382630277142 0.07666407313372232 0.018993913505938737
0 0.8692926258722065 0.08969348044471082 0.01559269284075711 0.02110434833993196
0 0.9349118749103927 0.09233152398720229 0.1000531123948578 0.02638043542491493
0 0.04417929638214517 0.1355954380840628 0.044179296382145024 0.02849087025890814
0 0.14228332217190837 0.12820891616508662 0.10005311239485781 0.02849087025890816
0 0.23648917475148223 0.12873652487358492 0.06496955350315442 0.027435652841911563
0 0.3144526389552676 0.1276813074565883 0.0571732070827759 0.02532521800791832
0 0.4430923548915134 0.13031935099907982 0.16892083910820163 0.026380435424914913
0 0.5866750681334847 0.12979174229058152 0.08446041955410066 0.025325218007918357
0 0.6977730046238787 0.12926413358208322 0.09875372132479483 0.01793869608894216
0 0.8446041955410079 0.1308469597075781 0.17151962124832779 0.025325218007918326
0 0.04547868745220825 0.17622130863843183 0.062370771363028245 0.027435652841911528
0 0.129939107006309 0.1720004389704454 0.0571732070827759 0.025325218007918336
0 0.20465409353493658 0.16989000413645222 0.05847259815283893 0.016883478671945586
0 0.29041390415910046 0.16725196059396072 0.07666407313372221 0.024270000590921725
0 0.3488865023119395 0.16883478671945562 0.027287212471324766 0.01899391350593877
0 0.4391941816813244 0.17041761284495055 0.13513667128656134 0.030601305092901307
0 0.5541902913819075 0.16672435188546245 0.0688677267133437 0.023214783173925148
0 0.6126628895347466 0.16883478671945562 0.016892083910820133 0.01899391350593877
0 0.6620397501971439 0.16883478671945562 0.055873816012712754 0.03376695734389113
0 0.7529971251015601 0.16303109092597434 0.08446041955410082 0.02215956575692857
0 0.8998283160186891 0.1683071780109573 0.17022023017826457 0.02427000059092176
0 0.034433863356672 0.20893304856532635 0.0350835588917034 0.023214783173925183
0 0.12084336951586738 0.21051587469082123 0.09875372132479474 0.024270000590921725
0 0.19945652925468424 0.20787783114832975 0.019490866050946316 0.012662609003959168
0 0.2709230381081541 0.20787783114832975 0.08705920169422697 0.025325218007918336
0 0.3404404603565294 0.20629500502283485 0.020790257121009504 0.0221595657569285
0 0.4145057513501254 0.2073502224398314 0.09095737490441622 0.02427000059092172
0 0.48597226020359535 0.20418457018884162 0.02079025712100943 0.02638043542491495
0 0.5418460762163082 0.20735022243983145 0.07276589992353288 0.026380435424914944
0 0.6613900546621123 0.20154652664635017 0.11694519630567804 0.035877392177884354
0 0.7653413402671595 0.20629500502283485 0.05717320708277598 0.01582826125494897
0 0.8446041955410079 0.20154652664635017 0.07536468206365911 0.021104348339931994
0 0.9433579168658026 0.20154652664635017 0.09615493918466854 0.03376695734389113
0 0.10590037221014187 0.2469208755772038 0.19101048729927403 0.027435652841911504
0 0.26052790954764943 0.24744848428570215 0.10005311239485785 0.03271173992689455
0 0.3859191478087375 0.24481044074321068 0.12214276058593043 0.02954608767590475
0 0.5054631262545418 0.24006196236672595 0.08056224634391147 0.026380435424914944
0 0.09615493918466869 0.28068783292109495 0.06756833564328062 0.03798782701187751
0 0.17801657659864328 0.28807435484007116 0.054574424942649725 0.025325218007918336
0 0.25857882294255474 0.28279826775508815 0.07536468206365926 0.03376695734389113
0 0.07926285527384856 0.3170928338074776 0.04937686066239734 0.02638043542491494
0 0.19230987836933724 0.3223689208924606 0.13253788914643502 0.030601305092901362
0 0.39111671208898985 0.3207860947669657 0.22089648191072503 0.03165652250989794
0 0.5476933360315921 0.3197308773499691 0.05847259815283902 0.018993913505938737
0 0.6464470573563869 0.3139271815564878 0.10784945881523633 0.02849087025890821
0 0.7224614349550774 0.31814805122447415 0.01819147498088327 0.022159565756928536
0 0.7679401224072856 0.3207860947669657 0.054574424942649816 0.018993913505938737
0 0.8316102848403767 0.31656522509897933 0.02079025712100945 0.023214783173925183
0 0.9219179642097618 0.3197308773499691 0.131238498076372 0.03165652250989794
0 0.03963142763692435 0.3593015304873414 0.045478687452208094 0.020049130922935265
0 0.1604747971527916 0.361939574029833 0.1494299730572552 0.03165652250989794
0 0.29041390415910034 0.35877392177884315 0.07146650885346982 0.02321478317392508
0 0.41710453349025167 0.3629947914468296 0.15852571054769687 0.033766957343891214
0 0.5288521655156773 0.36088435661283635 0.028586603541387826 0.025325218007918475
0 0.6328034511207243 0.3550806608193551 0.14293301770693972 0.034822174760887704
0 0.7614431670569701 0.3556082695278534 0.05717320708277598 0.029546087675904716
0 0.8082212455792412 0.35930153048734154 0.02079025712100929 0.020049130922935275
0 0.8894331874581843 0.3614119653213347 0.11564580523561487 0.039043044428874095
0 0.05977198922290222 0.39939979233321227 0.0779634642037853 0.0221595657569285
0 0.18776200962411643 0.4020378358757037 0.14163362663687665 0.029546087675904786
0 0.2787193845285326 0.4009826184587071 0.016892083910820154 0.018993913505938664
0 0.37487432371320123 0.40045500975020887 0.1442324087770029 0.024270000590921725
0 0.5282024699806458 0.3983445749162155 0.1182445873757411 0.028490870258908046
0 0.7029705689041311 0.3978169662077173 0.19490866050946323 0.027435652841911563
0 0.8809871455027742 0.40098261845870714 0.13513667128656143 0.031656522509897825
0 0.053924729407618326 0.4331667496771033 0.06626894457321751 0.02638043542491495
0 0.1591754060827285 0.4410808803045778 0.09485554811460548 0.027435652841911563
0 0.25533034526739706 0.4389704454705846 0.07146650885346982 0.02532521800791841
0 0.3456380246367817 0.4426637064300728 0.08316102848403759 0.024270000590921725
0 0.4365953995411979 0.43738761934508974 0.06756833564328062 0.02215956575692857
0 0.517807341420141 0.43949805417908294 0.06626894457321754 0.03271173992689455
0 0.6373513198659451 0.43844283676208645 0.14163362663687667 0.028490870258908195
0 0.7503983429614339 0.44371892384706935 0.06367016243309137 0.030601305092901328
0 0.8816368410378058 0.4389704454705846 0.17281901231839072 0.023214783173925183
0 0.07796346420378546 0.47379262023147234 0.04677807852227118 0.033766957343891166
0 0.17281901231839092 0.4774858811909604 0.10655006774517321 0.028490870258908174
0 0.26377638722280716 0.47484783764846894 0.038981732101892666 0.018993913505938737
0 0.32809624519093006 0.4806515334419503 0.04807746959233427 0.02638043542491495
0 0.4002124495794315 0.4737926202314723 0.05197564280252351 0.023214783173925065
0 0.5379479030061188 0.4806515334419503 0.1845135319489586 0.034822174760887704
0 0.7094675242544466 0.47432022893997056 0.14033423556681357 0.0221595657569285
0 0.8108200277193675 0.47590305506546554 0.03378416782164024 0.01688347867194551
0 0.855649019636544 0.47115457668898086 0.01949086605094635 0.020049130922935348
0 0.9303640061651715 0.47590305506546565 0.09615493918466866 0.0232147831739251
0 0.061071380292965306 0.5123080559518481 0.057173207082775894 0.0221595657569285
0 0.15527723287253925 0.520749795287821 0.0922567659744793 0.02638043542491488
0 0.23129161047122992 0.5149460994943397 0.025987821401261754 0.018993913505938737
0 0.30275811932469976 0.513890882077343 0.09095737490441617 0.018993913505938737
0 0.4398438772163557 0.513890882077343 0.1416336266368767 0.02110434833993189
0 0.5282024699806456 0.513890882077343 0.02208964819107251 0.018993913505938757
0 0.6847790939232477 0.5175841430368312 0.2624769961527437 0.022159565756928554
0 0.845903586611071 0.5128356646603465 0.03378416782164024 0.018993913505938664
0 0.9160707043944777 0.513890882077343 0.08056224634391157 0.02110434833993189
0 0.061071380292965174 0.5550443613402103 0.06496955350315443 0.025325218007918267
0 0.21569891763047266 0.550823491672224 0.21310013549034645 0.021104348339931956
0 0.4437420504265448 0.5566271874657053 0.2273934372610405 0.024270000590921787
0 0.6328034511207242 0.5539891439232139 0.1221427605859303 0.03165652250989808
0 0.7283086947703612 0.5539891439232137 0.06107138029296508 0.016883478671945652
0 0.8075715500442096 0.556099578757207 0.07406529099359617 0.023214783173925113
0 0.9128222267193196 0.5534615352147155 0.11304702309548889 0.03271173992689456
0 0.03378416782164031 0.5909217535180946 0.020790257121009417 0.023214783173925103
0 0.11369671863052026 0.5961978406030777 0.11564580523561489 0.031656522509897866
0 0.21504922209544117 0.5903941448095964 0.0506762517324605 0.020049130922935348
0 0.3911167120889897 0.5925045796435896 0.25987821401261774 0.028490870258908174
0 0.5509418137067496 0.5882837099756031 0.03898173210189263 0.028490870258908174
0 0.5996689788341154 0.591449362226593 0.03768234103182962 0.02638043542491495
0 0.6490458394965128 0.5882837099756032 0.040281123171955785 0.020049130922935348
0 0.7380541277958343 0.5877561012671049 0.10655006774517364 0.029546087675904657
0 0.835508458050566 0.5872284925586064 0.04937686066239734 0.03271173992689447
0 0.9245167463498877 0.5930321883520879 0.10784945881523626 0.029546087675904716
0 0.038332036566861113 0.6326028414894602 0.04287990531208192 0.02638043542491495
0 0.1390348444967505 0.6336580589064569 0.12734032486618269 0.030601305092901328
0 0.2650757782928701 0.633658058906457 0.08316102848403766 0.02638043542491502
0 0.3391410692864662 0.6341856676149552 0.038981732101892735 0.03165652250989794
0 0.41905362009534614 0.6289095805299723 0.09485554811460553 0.027435652841911632
0 0.5158582548150462 0.6273267544044774 0.05977198922290214 0.02215956575692857
0 0.5938217190188315 0.6257439282789824 0.07536468206365911 0.023214783173925113
0 0.6717851832226168 0.6289095805299723 0.04937686066239735 0.01899391350593888
0 0.7601437759869069 0.6278543631129756 0.09615493918466854 0.02954608767590486
0 0.8296611982352821 0.6273267544044774 0.01689208391082019 0.013717826420955745
0 0.908274357974099 0.6273267544044774 0.12214276058593015 0.024270000590921756
0 0.08251133294900613 0.6647869727078566 0.1286397159362458 0.033766957343891166
0 0.20075592032474718 0.6610937117483684 0.022089648191072526 0.02638043542491487
0 0.23129161047122979 0.6642593639993583 0.023389039261135593 0.024270000590921655
0 0.27092303810815394 0.6647869727078564 0.04287990531208194 0.02743565284191149
0 0.41645483795522 0.6642593639993583 0.21439952656040964 0.02638043542491488
0 0.10590037221014173 0.7365417570636251 0.12084336951586726 0.033766957343891166
0 0.10200219899995243 0.780333279868984 0.11824458737574103 0.028490870258908244
0 0.2839169488087849 0.7608117576545469 0.2092019622801572 0.08019652369174139
