0 0.9034227927473691 0.046429566347850296 0.03913257802789204 0.023214783173925148
0 0.15383151362688582 0.10446652428266318 0.17002430453497908 0.046429566347850296
0 0.325205217404206 0.10235608944866996 0.14303631968815705 0.03798782701187751
0 0.4621692405018279 0.10657695911665636 0.08231335378280724 0.02532521800791836
0 0.6052055601899851 0.10446652428266318 0.1659761068079559 0.02110434833993196
0 0.22130147574394102 0.14562000354553054 0.24289186362139856 0.03587739217788442
0 0.44597644959373484 0.14720282967102538 0.17407250226200247 0.024270000590921742
0 0.08703625113100118 0.18149739572341478 0.025638585604480957 0.029546087675904716
0 0.15720501173273863 0.18782870022539438 0.07151815984407849 0.03587739217788438
0 0.292144935966849 0.19310478731037736 0.15518091286922694 0.025325218007918336
0 0.46486803898651025 0.1931047873103774 0.17677130074668454 0.02954608767590475
0 0.23142197006149928 0.2268717446542685 0.2037592855935067 0.03376695734389113
0 0.43248245717032374 0.2268717446542685 0.13628932347645148 0.025325218007918336
0 0.0715181598440785 0.2632767455406511 0.06207236514769076 0.03482217476088767
0 0.15585561249039745 0.2674976152086375 0.06342176439003183 0.02004913092293537
0 0.2833738408916318 0.27277370229362047 0.14303631968815705 0.032711739926894516
0 0.4068438715658428 0.27277370229362047 0.06612056287471411 0.032711739926894516
0 0.5667476817832636 0.2701356587511289 0.21050628180521225 0.03165652250989797
0 0.06139766552652023 0.3039026160950201 0.0364337795432098 0.03165652250989794
0 0.10862663900845888 0.3091787031800031 0.025638585604481 0.02954608767590472
0 0.24424126286373973 0.3086510944715049 0.20780748332052995 0.034822174760887704
0 0.3785064874766796 0.3081234857630066 0.04183137651257411 0.01899391350593877
0 0.4905066245909913 0.3112891380139964 0.1335905249917695 0.029546087675904723
