0 0.27514824520948455 0.3578915592818717 0.026927150763193096 0.0238257088973306
0 0.3264976955020853 0.34895691844537274 0.051975663101047155 0.021118241977179365
0 0.33463846201188785 0.3771145744149452 0.06074264241929605 0.03303109642584459
0 0.5065338779304112 0.38577846855942916 0.23921329282650597 0.055773818555114756
0 0.7047302318036813 0.39498385608794323 0.13213090258218002 0.05144187148287287
0 0.3465365053723689 0.4412815404225297 0.1697036710889611 0.054149338403023745
0 0.49056545131502927 0.4353251131981964 0.09330570845850666 0.03248960304181417
0 0.5942036711129005 0.4334298863540902 0.09017464441627411 0.035197069961965616
0 0.7125578919092603 0.4372203400423021 0.09894162373452345 0.028699149353602835
0 0.3393350580752367 0.48189354422479785 0.14653379717644463 0.03465557657793561
0 0.5106042611853142 0.47431263684837577 0.1584318405369239 0.040070510418237316
0 0.6778030810404897 0.47295890338829777 0.14340273313421428 0.04169499057032842
0 0.33620399403300366 0.5154661340346718 0.1402716690919825 0.030323629505693575
0 0.5015241754628416 0.5135709071905658 0.16156290457915878 0.044943950874510225
0 0.5923250326875612 0.5842357938065124 0.06011642961084959 0.056315311939145046
0 0.6696623145306856 0.5807160868103157 0.06575234488686682 0.06010576562735679
0 0.39600731723963023 0.6169961435403419 0.05197566310104712 0.01895226844105835
0 0.4417208522562138 0.615100916696236 0.031936853230763805 0.02274272212927009
0 0.48211157840100344 0.6140179299281755 0.04007761974056642 0.020576748593149004
0 0.5199974533120078 0.6123934497760848 0.029432001996978485 0.02057674859314922
0 0.2748351388052614 0.6169961435403418 0.04884459905881535 0.02003525520911886
0 0.3290025467358707 0.6218695839966141 0.051975663101047044 0.01895226844105835
