0 0.12284566629280644 0.08589993022658254 0.023500910073406444 0.030522817847009033
0 0.17839327192085805 0.09418469507077071 0.07691206933114839 0.026162415297436306
0 0.325808071472226 0.0845918094617107 0.18373438784663246 0.03837154243623988
0 0.45239251891307414 0.08241160818692435 0.05447938244289673 0.028778656827179932
0 0.5437256012438128 0.07499892385265074 0.0918671939233161 0.0261624152974363
0 0.1858708342169419 0.14214912311607056 0.14100546044043863 0.03488322039658174
0 0.28735203680665167 0.1404049620962415 0.03204669555464518 0.020929932237949065
0 0.3557183206565612 0.13778872056649788 0.08973074755300652 0.02267409325777811
0 0.4614724159868902 0.13866080107641243 0.1046858721451742 0.03139489835692356
0 0.5287704766516451 0.13212019725205335 0.014955124592167692 0.01831369070820541
0 0.5901933097980482 0.1321201972520533 0.09293541710847081 0.03226697886683809
0 0.6868675080545615 0.12514355317273687 0.08118496207176765 0.021802012747863562
0 0.7755300324224127 0.12557959342769426 0.07691206933114841 0.022674093257778125
0 0.14474424158848062 0.18313690708205413 0.06516161429444517 0.02616241529743629
0 0.21043996747550323 0.1805206655523105 0.034183141924954835 0.024418254277607226
0 0.2782721397328355 0.18270086682709694 0.07584384614599354 0.018313690708205415
0 0.34396786561985804 0.17877650453248145 0.03418314192495487 0.013953288158632695
0 0.4059248103588385 0.17179986045316517 0.07477562296083863 0.022674093257778263
0 0.5047354549856613 0.17528818249282324 0.10789054170063864 0.01918577121811997
0 0.5853863054648515 0.17223590070812234 0.029910249184335384 0.014825368668547228
0 0.6868675080545611 0.16961965917837868 0.16450637051384503 0.027034495807350824
0 0.8145201786805643 0.1691836189234214 0.08011673888661268 0.026162415297436282
0 0.8818182393453192 0.16743945790359235 0.04379715059134839 0.019185771218119943
0 0.06462750270186773 0.22717697283273858 0.03952425785072902 0.016569529688376328
0 0.1500853575142548 0.22674093257778127 0.09934475621939999 0.026162415297436327
0 0.2403502166598387 0.21976428849846497 0.057684051998361276 0.015697449178461807
0 0.3033753845839741 0.21932824824350766 0.042728927406193516 0.014825368668547228
0 0.3850944582483192 0.2180201274786359 0.09720830984909029 0.029650737337094626
0 0.4689499782829742 0.21322368467410585 0.03204669555464513 0.020057851728034527
0 0.5335774809848419 0.21235160416419135 0.08438963162723226 0.018313690708205464
0 0.19121195014271614 0.26467643475906394 0.17305215599508386 0.03401113988666715
0 0.3567865438417162 0.26031603220949123 0.1175045503670323 0.027034495807350855
0 0.48657566083802906 0.25639166991487594 0.13566434451466422 0.033139059376752884
0 0.5704311808726839 0.25028710634547396 0.017091570962477435 0.013953288158632731
0 0.6403997995003256 0.24897898558060216 0.09934475621939992 0.027034495807350893
0 0.7103684181279677 0.24156630124632855 0.019228017332787034 0.01744161019829086
0 0.8065085047919033 0.24113026099137128 0.14955124592167734 0.03401113988666722
0 0.15969936618064842 0.3017398564304321 0.10361764896001951 0.029650737337094425
0 0.2878861483992292 0.2921469708213721 0.1420736836255937 0.024418254277607177
0 0.42408460450647084 0.2917109305664148 0.11109521125610321 0.02354617376769262
0 0.5202246911704065 0.2860424072519702 0.07263917659052893 0.01918577121811996
0 0.5709652924652613 0.2834261657222266 0.0160233477773226 0.017441610198290824
0 0.6452068038335225 0.28429824623214117 0.11536810399672241 0.02616241529743629
0 0.1281867822185806 0.3322626742774411 0.03845603466557417 0.02790657631726536
0 0.18960961536498386 0.33836723784684286 0.058752275183516146 0.026162415297436327
0 0.26865813106644176 0.3344428755522275 0.0865260779975419 0.027034495807350827
0 0.33061507580542254 0.33008247300265475 0.02456913325856124 0.0218020127478636
0 0.39737902487759996 0.33182663402248375 0.09400364029362578 0.03401113988666719
0 0.5111447940965903 0.3239779094332529 0.1078905417006387 0.023546173767692694
0 0.6206376705749612 0.3191814666287229 0.09614008666393545 0.02616241529743629
0 0.7119707529056999 0.31220482254940657 0.06302516792413541 0.02441825427760719
0 0.8390893119391261 0.30871650050974836 0.17412037918023893 0.03313905937675269
0 0.06569572588702256 0.37499461926325367 0.01602334777732258 0.02441825427760719
0 0.1410054604404387 0.375430659518211 0.09827653303424513 0.016569529688376293
0 0.2451572209930354 0.3693260959488092 0.09293541710847092 0.016569529688376293
0 0.3557183206565612 0.3688900556938519 0.10254942577486449 0.026162415297436327
0 0.15916525458807088 0.40464535660034817 0.079048515701458 0.02616241529743637
0 0.287886148399229 0.4055174371102628 0.15489236184745156 0.02790657631726539
0 0.40592481035883865 0.4020291150706045 0.05127471288743223 0.02790657631726539
0 0.46894997828297413 0.39854079303094636 0.04913826651712256 0.02790657631726532
0 0.5378503737254612 0.39854079303094636 0.07584384614599358 0.02790657631726532
0 0.6104895503159895 0.3920001892065872 0.045933596961658066 0.020057851728034683
0 0.6836628384990968 0.3902560281867582 0.07691206933114855 0.025290334787521757
0 0.11750455036703224 0.44999354311590445 0.05982049836867095 0.03662738141641086
0 0.1805297182911677 0.45348186515556255 0.03845603466557421 0.022674093257778055
0 0.25210067169654193 0.4513016638807762 0.07691206933114841 0.023546173767692694
0 0.3354220801386193 0.4499935431159044 0.06836628384990974 0.022674093257778125
0 0.3792192307299677 0.447813341841118 0.014955124592167834 0.016569529688376362
0 0.45346074209822895 0.44694126133120377 0.11429988081156761 0.03401113988666776
0 0.5260999186887582 0.44519710031137455 0.020296240517942085 0.01656952968837629
0 0.6051484343902167 0.445633140566332 0.12070921992249647 0.02441825427760797
0 0.6906062892026031 0.4356042147023145 0.02670557962887102 0.021802012747863628
0 0.7814052599407644 0.4329879731725708 0.13139145177404515 0.01831369070820543
0 0.8892958016414036 0.42601132909325473 0.06088872155382521 0.025290334787522094
0 0.0721050649979516 0.4988300516711188 0.03738781148041934 0.029650737337094456
0 0.15489236184745164 0.49316152835667376 0.09400364029362579 0.030522817847008842
0 0.2195198645493193 0.492725488101717 0.018159794147632333 0.024418254277607195
0 0.28735203680665156 0.48792904529718695 0.08973074755300643 0.020057851728034492
0 0.39951547124790965 0.48618488427735795 0.11109521125610321 0.016569529688376362
0 0.4689499782829741 0.4857488440224007 0.014955124592167763 0.01395328815863266
0 0.5180882448000967 0.4857488440224007 0.05341115925774197 0.022674093257778125
0 0.5672265113172194 0.4844407232575291 0.027773802814025784 0.01656952968837641
0 0.6393315763151709 0.4840046830025716 0.09507186347878055 0.019185771218119995
0 0.7637795773857097 0.4731036766286399 0.12818678221858035 0.023546173767692826
0 0.8722042306789257 0.470051394843939 0.06943450703506442 0.027906576317265275
0 0.11429988081156772 0.5324051513028291 0.14100546044043868 0.023546173767692382
0 0.24408899780788063 0.5310970305379569 0.0865260779975419 0.02790657631726532
0 0.33542208013861924 0.5223762254388116 0.07050273022021933 0.017441610198290932
0 0.4449149566169906 0.5215041449288975 0.12711855903342534 0.03662738141641156
0 0.56081717220629 0.521504144928897 0.08759430118269684 0.024418254277607254
0 0.6329222372042418 0.516707702124367 0.03311491873979989 0.020057851728034565
0 0.7205165383869385 0.5127833398297515 0.12284566629280647 0.02441825427760719
0 0.08973074755300646 0.5733929352688123 0.02991024918433547 0.030522817847008957
0 0.1399372372552839 0.5725208547588982 0.055547605628051666 0.023546173767693523
0 0.22219042251220641 0.576009176798556 0.08545785481238713 0.021802012747863628
0 0.28201092088087737 0.5694685729741968 0.025637356443716116 0.015697449178461796
0 0.32260340191676123 0.5677244119543678 0.02991024918433549 0.013953288158632731
0 0.39631080169244515 0.5668523314444532 0.09614008666393545 0.029650737337094456
0 0.49191677676380313 0.5677244119543678 0.07157095340537424 0.02790657631726539
0 0.5517372751324744 0.5620558886399233 0.02884202599918092 0.020057851728034422
0 0.617967112612074 0.5629279691498378 0.08652607799754186 0.025290334787521757
0 0.7237212079424034 0.5563873653254787 0.10789054170063818 0.02616241529743649
0 0.8588514408644908 0.552026962775906 0.14100546044043955 0.02616241529743625
0 0.0902648591455839 0.6145404146177723 0.08438963162723229 0.029650737337094623
0 0.1527559154771419 0.614540414617772 0.01922801733278707 0.015697449178461866
0 0.23073620799344507 0.6127962535979433 0.12177744310765154 0.017441610198291026
0 0.4085953683217255 0.6071277302834988 0.21471286021612251 0.027034495807351552
0 0.5629536185765999 0.5953546433996519 0.07904851570145802 0.026162415297436185
0 0.6516161429444515 0.5992790056942674 0.07691206933114828 0.023546173767692694
0 0.7060955253873483 0.5962267239095665 0.010682231851548351 0.01395328815863259
0 0.7557679034970484 0.5918663213599937 0.06729806066475476 0.022674093257778125
0 0.8556467713090257 0.5944825628897374 0.12177744310765191 0.02441825427760719
0 0.07050273022021934 0.6507317557792254 0.021364463703096758 0.021802012747863486
0 0.12337977788538385 0.6520398765440973 0.06516161429444517 0.02790657631726531
0 0.2355432123266419 0.6516038362891401 0.13780079088497416 0.02529033478752183
0 0.3348879685460419 0.648551554504439 0.05234293607258717 0.020929932237949308
0 0.42461871609904844 0.6481155142494827 0.10575409533032883 0.025290334787522108
0 0.5784428547613448 0.6463713532296533 0.18693905740209682 0.028778656827180206
0 0.7050273022021935 0.6402667896602512 0.0555476056280517 0.020057851728034346
0 0.7979627193106648 0.6372145078755501 0.1089587648857934 0.02092993223794929
0 0.8957051407523321 0.6424469909350374 0.0672980606647549 0.022674093257778125
0 0.06462750270186773 0.686923096940679 0.01602334777732258 0.012209127138803524
0 0.12658444744084835 0.6847428956658927 0.09293541710847096 0.027034495807350924
0 0.21631519499385476 0.6816906138811918 0.05875227518351611 0.022674093257778055
0 0.3044436077691291 0.67558605031179 0.08759430118269682 0.019185771218120068
0 0.436903282728329 0.6742779295469181 0.15168769229198703 0.02529033478752183
0 0.5677606229097976 0.6699175269973459 0.09293541710846846 0.02529033478752114
0 0.6489455849815642 0.667301285467602 0.05020648970227739 0.021802012747863996
0 0.7183800920166289 0.669481486742388 0.0715709534053741 0.02092993223794892
0 0.8337481960133515 0.6655571244477727 0.13780079088497416 0.025290334787521688
0 0.09560597507135807 0.7157017537678589 0.08652607799754193 0.019185771218119926
0 0.16397225892126768 0.7122134317282007 0.026705579628870987 0.019185771218119926
0 0.23767965869695157 0.7130855122381157 0.08866252436785159 0.029650737337094356
0 0.3081823889171709 0.7048007473939273 0.04593359696165805 0.0218020127478637
0 0.3829580118780096 0.707853029178628 0.08011673888661291 0.02790657631726532
0 0.4903144419860709 0.7039286668840128 0.10895876488579351 0.02877865682718006
0 0.5618853953914451 0.6973880630596535 0.017091570962477362 0.02092993223794906
0 0.6361269067597063 0.6952078617848673 0.10789054170063864 0.020057851728034422
0 0.7167777572388971 0.6978241033146108 0.03204669555464502 0.02005785172803465
0 0.7856781526813839 0.6943357812749528 0.08652607799754193 0.023546173767692694
0 0.8871593552710931 0.6930276605100809 0.10361764896001927 0.02267409325777835
0 0.11964099673734192 0.7440443703400815 0.08118496207176772 0.030522817847009096
0 0.20670118632746123 0.7418641690652953 0.06943450703506446 0.03139489835692345
0 0.3145917280280999 0.7427362495752097 0.12070921992249678 0.02790657631726541
0 0.43903972909863853 0.7357596054958936 0.10468587214517405 0.02790657631726561
0 0.5576125026508257 0.727474840651706 0.11964099673734198 0.028778656827180626
0 0.6729806066475483 0.7279108809066631 0.0918671939233161 0.029650737337094814
0 0.7648478005708644 0.7244225588670045 0.0726391765905289 0.026162415297436185
0 0.06996861862764192 0.7732590674222188 0.01602334777732258 0.02267409325777834
0 0.1714498212173516 0.7745671881870908 0.13993723725528384 0.025290334787521976
0 0.2798744745105676 0.7688986648726458 0.047001820146812784 0.01744161019829079
0 0.36800288728584185 0.7710788661474325 0.10789054170063876 0.023546173767692385
0 0.4545289652833839 0.7645382623230733 0.05020648970227733 0.013953288158632943
0 0.5244975839110259 0.7649743025780308 0.0662298374796002 0.023546173767692545
0 0.6158306662417645 0.7597418195185436 0.09720830984909036 0.02354617376769309
0 0.691674512387758 0.7597418195185435 0.035251365110109706 0.023546173767692836
0 0.7605749078302451 0.7575616182437571 0.09400364029362578 0.022674093257778197
0 0.8193271830137612 0.7532012156941843 0.014955124592167692 0.013953288158632803
0 0.8898299132339806 0.7601778597735007 0.10468587214517427 0.03139489835692359
0 0.07530973455341611 0.8059620865440144 0.04379715059134837 0.020057851728034422
0 0.1815979414763226 0.8029098047593134 0.1367325676998194 0.02267409325777804
0 0.2638511267332451 0.8002935632295697 0.010682231851548388 0.015697449178461654
0 0.40272014080337426 0.7976773216998264 0.15168769229198661 0.029650737337094887
0 0.4903144419860709 0.7968052411899115 0.014955124592167763 0.01744161019829079
0 0.5741699620207257 0.7937529594052112 0.1420736836255937 0.02703449580735208
0 0.7792688135704547 0.7889565166006817 0.25957823399262586 0.02616241529743425
0 0.09507186347878063 0.8391011459207669 0.07263917659052901 0.025290334787521546
0 0.22699742684540322 0.8360488641360659 0.15061946910683224 0.022674093257778055
0 0.32687629465738055 0.829944300566664 0.017091570962477435 0.017441610198290932
0 0.40111780602564195 0.8321245018414507 0.1078905417006387 0.02877865682717996
0 0.5330433693922645 0.8290722200567496 0.14314190681074848 0.026162415297436327
0 0.6345245719819741 0.8238397369972623 0.04700182014681296 0.02092993223794892
0 0.6975497399061095 0.8207874552125616 0.061956944738980585 0.020057851728034565
0 0.7968944961255099 0.8190432941927328 0.1196409967373418 0.025290334787522788
0 0.07263917659052903 0.8670077222380322 0.021364463703096775 0.018313690708205287
0 0.14527835318105806 0.869623963767776 0.10254942577486448 0.023546173767692493
0 0.24248666303014837 0.8643914807082888 0.061956944738980654 0.0218020127478637
0 0.3231375135093387 0.8639554404533314 0.08225318525692263 0.026162415297436327
0 0.48123454491225465 0.8630833599434172 0.20616707473488374 0.029650737337093655
0 0.6526843661296065 0.8591589976488013 0.11750455036703229 0.023546173767692836
0 0.7408127789048805 0.8587229573938441 0.048070043331967724 0.022674093257778197
0 0.7984968309032417 0.8521823535694851 0.05447938244289673 0.0148253686685473
0 0.8823523509378967 0.8534904743343569 0.0897307475530063 0.019185771218119926
0 0.0662298374796 0.9001467816147849 0.017091570962477425 0.025290334787521972
0 0.19334839651302577 0.8966584595751271 0.22005397614189673 0.027034495807351008
0 0.3129893932503677 0.8927340972805115 0.014955124592167728 0.013953288158632062
0 0.3653323293229548 0.8927340972805112 0.06836628384990967 0.024418254277607333
0 0.4336986131728645 0.8918620167705968 0.04272892740619355 0.019185771218120068
0 0.5394527085031935 0.8896818154958104 0.14741479955136774 0.020057851728034422
0 0.6441385806483675 0.8853214129462379 0.03418314192495472 0.0165695296883766
0 0.7098343065353903 0.8875016142210244 0.08438963162723229 0.020929932237948763
0 0.7701889164966386 0.8835772519264086 0.027773802814025857 0.01831369070820543
0 0.8321458612356193 0.8853214129462377 0.07050273022021926 0.023546173767692836
0 0.9106602653444998 0.8827051714164941 0.06516161429444509 0.02529033478752183
0 0.08118496207176774 0.9280533579320501 0.025637356443716123 0.020057851728034422
0 0.1335278981443548 0.9280533579320501 0.05127471288743224 0.011337046628889126
0 0.1858708342169419 0.9250010761473494 0.03845603466557417 0.019185771218120068
0 0.22966798480829026 0.9250010761473493 0.03204669555464516 0.01395328815863266
0 0.31298939325036773 0.9254371164023066 0.10682231851548388 0.021802012747863416
0 0.38776501621120635 0.9188965125779476 0.019228017332787034 0.019185771218120068
0 0.45773363483884827 0.9223848346176058 0.10148120258970962 0.02441825427760719
0 0.5805793011316547 0.9167163113031611 0.12070921992249672 0.021802012747863416
0 0.6761852762030126 0.9180244320680329 0.05982049836867105 0.022674093257777906
0 0.06890039544248709 0.9572680550141874 0.01815979414763225 0.017441610198290932
0 0.14634657636621287 0.9568320147592303 0.11109521125610321 0.025290334787521688
0 0.24302077462272587 0.9529076524646151 0.06729806066475488 0.02092993223794956
0 0.3097847236949032 0.9507274511898284 0.04913826651712256 0.018313690708205287
0 0.4016519176182193 0.9502914109348711 0.12391388947796124 0.017441610198290932
0 0.49618966950442256 0.9472391291501703 0.041660704221038646 0.01831369070820557
0 0.5544078330953611 0.9446228876204263 0.06195694473898068 0.018313690708205557
0 0.6174330010194966 0.9472391291501703 0.04700182014681289 0.023546173767692694
0 0.7226529847572482 0.9454949681303413 0.14207368362559364 0.02180201274786356
0 0.8278729684949999 0.9398264448158966 0.04913826651712256 0.01569744917846194
0 0.9037168146409935 0.9385183240510249 0.08118496207176763 0.025290334787522482
