0 0.2676520706964061 0.12393306760313948 0.014970727045092893 0.020675201935700098
0 0.31429164341381105 0.13304000178910264 0.043760586747194734 0.015260268095397685
0 0.4596804349094251 0.13525520199649907 0.17907292734707325 0.018706135084681056
0 0.2869412766968143 0.2243554770051114 0.04318478955315269 0.019690668510190575
0 0.36784078245972035 0.22780134399439475 0.08176320155396909 0.012798934531623906
0 0.45305876717794163 0.2282936107071495 0.042608992359110684 0.013783467957133446
0 0.5066079062238511 0.22977041084541383 0.02648667092593364 0.011814401106114368
0 0.5831889330314419 0.2287858774199043 0.09788552298714613 0.012798934531623906
0 0.330413964846988 0.2533992130576425 0.11055306125607092 0.01673706823366196
0 0.46687789983495054 0.2548760131959068 0.11170465564415501 0.015752534808152488
0 0.5768551638969793 0.2573373467596806 0.0829147959420532 0.016737068233662028
0 0.28031960896533087 0.27899708212089025 0.01381913265700888 0.011814401106114331
0 0.34077831433974476 0.2792432154772676 0.0644892857327081 0.011322134393359561
0 0.42714789344605014 0.2799816155463997 0.06794406889696018 0.012798934531623866
0 0.48875819320854785 0.2829352158229284 0.021880293373597298 0.009845334255095288
0 0.5497926957770037 0.2863810828122117 0.0806116071658851 0.01772160165917146
0 0.6321316945250149 0.28539654938670217 0.05182174746378337 0.009845334255095253
0 0.3039272939210544 0.3026258843331189 0.04030580358294255 0.01476800138264295
0 0.362658607713342 0.30336428440225105 0.040305803582942515 0.012306667818869138
0 0.43117847380434443 0.30656401803515715 0.06909566328504427 0.012798934531623996
0 0.5261850108212802 0.3060717513224023 0.0886727678824736 0.015752534808152488
0 0.5900984993599463 0.31148668516270467 0.010364349492756587 0.008860800829585784
0 0.6396170580475613 0.31591708557749754 0.06448928573270812 0.017721601659171533
0 0.33127766063805103 0.34274562142263215 0.07773262119567481 0.015260268095397602
0 0.4363606485507227 0.3447146882736515 0.09327914543480974 0.02116746864845515
0 0.3410662129367657 0.36415922342746443 0.06967146047908634 0.014768001382642879
0 0.43636064855072265 0.36686669034761565 0.08061160716588503 0.01230666781886903
0 0.5022894272685359 0.3641592234274645 0.010940146686798683 0.013783467957133411
0 0.5644755242250756 0.3663744236348609 0.08349059313609515 0.013291201244378641
0 0.35258215681760646 0.3875418922833157 0.07773262119567484 0.01624480152090719
0 0.440967026103059 0.39148002598535386 0.062186096956539885 0.012306667818869101
0 0.49163717917875815 0.38951095913433476 0.00921275510467261 0.011322134393359632
0 0.5529595803442349 0.3927106927672408 0.07773262119567491 0.014768001382642879
0 0.6471024215701078 0.3941874929055051 0.08291479594205306 0.01476800138264295
0 0.3646738978924891 0.4126474946338085 0.08924856507651559 0.017229334946416795
0 0.4703326829992028 0.41658562833584684 0.0829147959420532 0.009353067542340483
0 0.5529595803442349 0.40944776100090274 0.015546524239134954 0.007876267404076175
0 0.6252221281965104 0.42101602875063976 0.07600522961354883 0.01427573466988825
0 0.7161980848551521 0.4237234956707908 0.043760586747194734 0.010829867680604722
0 0.36611339087759426 0.43603016348966 0.09443073982289388 0.026582402488757283
0 0.4732116689694129 0.44119896397358505 0.08406639033013726 0.012306667818869172
0 0.38482679968396044 0.45842829892000175 0.10997726406202894 0.014275734669888039
0 0.4853358640679599 0.4603949053829121 0.028266407707518156 0.01297794060898923
0 0.5800806750876041 0.4588286022059651 0.12772228667841523 0.009845334255095324
0 0.3463593595059957 0.4966436360493993 0.017273915821261098 0.014768001382642807
0 0.434561020593344 0.501566303176947 0.12039395875424397 0.01834812292995032
0 0.5261651196454861 0.49999999999999983 0.00837523191333858 0.015215516576056345
0 0.5772016891173937 0.5013425455802402 0.06857221129046069 0.016110546962883228
0 0.647867708386189 0.5011187879835335 0.024602243745432375 0.01387297099581609
0 0.6973339218743458 0.5029088487571872 0.055485911425869006 0.014768001382642807
0 0.3576135773895446 0.5196906685101905 0.02721950371835085 0.012530425415575763
0 0.4026304489237398 0.5201381837036039 0.028266407707518003 0.011635395028748946
0 0.43848691055272154 0.5219282444772577 0.02146153177793051 0.008950303868268464
0 0.5159578057511045 0.5228232748640845 0.10521385091131741 0.012530425415575905
0 0.6460356264051463 0.5237183052509113 0.11620634279757454 0.017900607736536928
0 0.7517729293110474 0.5277459419916322 0.07851779918755028 0.011635395028748973
0 0.434561020593344 0.5358012154730737 0.023031887761681417 0.011635395028749045
0 0.49763698594067607 0.5373675186500207 0.08741648309547269 0.012082910222162265
0 0.6928845799203845 0.5501217016623032 0.11463598681382357 0.011635395028748973
0 0.5897645369874018 0.5384863066335542 0.06438459533379139 0.008055273481441673
0 0.3612777413516303 0.5458703073248757 0.03978235158835886 0.011187879835335651
0 0.42147472072875225 0.5608620663042253 0.12458157471091326 0.013425455802402696
0 0.5677795532148877 0.564218430254826 0.11882360277049293 0.012082910222162511
0 0.6476059823888971 0.5669035214153063 0.01465665584834266 0.009397819061681927
0 0.7232447956062376 0.577420128460522 0.11777669878132556 0.013425455802402625
0 0.3890206970645647 0.6608817120321251 0.01989117579417943 0.00850278867485514
0 0.4340375685987602 0.6620005000156587 0.01779736781584475 0.010740364641922098
0 0.47957789212753954 0.6640143183860192 0.010469039891673405 0.01208291022216244
0 0.5206688737023575 0.6660281367563795 0.04763413150711394 0.011635395028748973
0 0.3979193809724872 0.6814674109291425 0.030360215685852836 0.01476800138264295
0 0.4934493699840068 0.6892989268138774 0.12405812271632953 0.017900607736536785
0 0.5871472770144834 0.6897464420072907 0.032977475658771196 0.01342545580240255
0 0.6672354321857848 0.6908652299908243 0.09893242697631337 0.01476800138264295
0 0.4128377628181217 0.7094371105174815 0.054962459431285214 0.018795638123363715
0 0.5117701897944351 0.7116746864845486 0.09893242697631335 0.01790060773653692
0 0.6345196825243056 0.7179398991923367 0.11306563083007262 0.017900607736536785
0 0.749679121332713 0.7210725055462306 0.0963151670033952 0.02864097237845893
0 0.40472425690207486 0.7387493556860606 0.028266407707518083 0.01566303176946974
0 0.4719878382060763 0.7414344468465413 0.07694744320379933 0.009397819061681929
0 0.5384662415182022 0.7441195380070218 0.021461531777930462 0.008502788674854997
0 0.637136942497224 0.7479234171510357 0.11515943880840716 0.021480729283844084
0 0.7352841914816619 0.7483709323444492 0.05600936342045259 0.014320486189229485
0 0.8219154965852592 0.7570974786160111 0.07956470317671772 0.01834812292995025
0 0.4256623366854217 0.7633626913237989 0.048157583501697514 0.01834812292995025
0 0.527997201626529 0.7691803888381734 0.11044837085715414 0.01566303176946974
0 0.663832994220991 0.7788019654965618 0.10783111088423585 0.02237575967067097
0 0.7632888731918882 0.7732080255788943 0.04606377552336292 0.018348122929950254
0 0.45654600436585807 0.8087854834552611 0.10887801487340326 0.023270790057497947
0 0.5866238250198997 0.813484392986102 0.08008815517130131 0.014768001382642807
0 0.698380825863513 0.8168407569367028 0.07223637525254631 0.016110546962883346
0 0.7915552808994062 0.8184070601136494 0.06804875929587678 0.017453092543123317
0 0.45523737437939893 0.8365314254468933 0.10207313894381542 0.020585698897017436
0 0.5889793589955263 0.8448104565250415 0.11306563083007248 0.018348122929950392
0 0.7182720016576929 0.8528657300064829 0.10887801487340285 0.022823274864084513
0 0.8258413865446366 0.8562220939570839 0.07590053921463195 0.012530425415575905
0 0.7954811708587838 0.8828492479651825 0.042399611561277195 0.01745309254312346
0 0.7842269529752349 0.9150703418909489 0.07642399120921567 0.01297794060898923
0 0.4363931025743868 0.8675355027496269 0.0528686514529506 0.017005577349709994
0 0.48481241207337616 0.8677592603463338 0.012562847870008085 0.011187879835335366
0 0.5122936417890187 0.8715631394903477 0.013086299864591667 0.008950303868268322
0 0.5798189490903121 0.8751432610376552 0.08427577112797081 0.018795638123363715
0 0.4272326926691726 0.8946101719511391 0.020938079783346737 0.01297794060898923
0 0.48455068607608437 0.8968477479182062 0.028789859702101878 0.017453092543123317
0 0.5505056373936267 0.9031129606259941 0.07275982724713004 0.012977940608989087
0 0.3847807359084371 0.6078064100932933 0.046063775523362833 0.01870613508468104
0 0.4717261122087845 0.6105138770134445 0.07946001277780092 0.01722933494641673
0 0.5402459782997868 0.6122368105080862 0.023031887761681274 0.012798934531623871
0 0.6035836696444108 0.6142058773591053 0.08291479594205327 0.017721601659171568
0 0.6666334623920136 0.6178978777047659 0.019001307403387246 0.01329120124437857
0 0.6994539024524096 0.6154365441409921 0.022456090567639392 0.011322134393359632
0 0.7668221741553279 0.6210976113376719 0.08694537630034731 0.024613335637738203
0 0.4118432040284128 0.6351272126511828 0.07600522961354876 0.01821386837192627
0 0.5169261919410844 0.6407882798478626 0.09730972579310404 0.01673706823366196
0 0.6424499802422481 0.6388192129968432 0.11343204722628113 0.017721601659171568
0 0.7219099930200491 0.6422650799861267 0.009788552298714564 0.008860800829585713
0 0.7950362366633876 0.6511258808157127 0.11573523600244925 0.022644268786719265
0 0.5759454043303932 0.5484882712063444 0.08521798471822127 0.011322134393359704
0 0.366355225699092 0.5694096064984219 0.048366964299531 0.013783467957133482
0 0.45531589217858653 0.5748245403387241 0.09155175385268371 0.012798934531623871
0 0.5770969987184779 0.5750706736951018 0.10018871176331304 0.014275734669887796
0 0.42335914790925355 0.5438117374351741 0.040305803582942515 0.010829867680604933
0 0.48727263644791946 0.5487344045627217 0.04951855868761505 0.009845334255095243
0 0.9096587749977181 0.06542347985378905 0.027153993283513957 0.03587739217788432
0 0.6732956061889488 0.9039752150533096 0.12219296977581301 0.02532521800791841
