0 0.03811414818873155 0.09928636605377067 0.018017597325582137 0.025900791144461775
0 0.08904850985912732 0.10791996310192464 0.07692128088998545 0.025900791144462042
0 0.1753250816681653 0.09832707749286476 0.08038620345259752 0.023982214022649943
0 0.23769368779518055 0.0964085003710527 0.027719380500895598 0.022063636900837943
0 0.2848166346467033 0.10072529889512975 0.054052791976746624 0.03069723394899192
0 0.32154481381039013 0.09928636605377075 0.01524565927549272 0.023982214022649925
0 0.36936074517443523 0.09592885609059977 0.05959666807692571 0.02110434833993196
0 0.43627740865713527 0.09480337078651686 0.06087591748704213 0.02949438202247192
0 0.04464233949049756 0.14185393258426968 0.052759128488769846 0.022471910112359553
0 0.10867257128192065 0.13909684133136965 0.058588690604165945 0.023546173767692694
0 0.15371656459587615 0.1303760362322242 0.013859690250447872 0.03575530090649623
0 0.19970553679054392 0.13778872056649782 0.07181839493413882 0.026162415297436285
0 0.2554592907525729 0.13517247903675422 0.034649225626119634 0.02441825427760721
0 0.2935734389413045 0.13648059980162602 0.030239324182795357 0.02703449580735084
0 0.33798744633478506 0.13342831801692512 0.05102885955846709 0.027906576317265373
0 0.3909062636546769 0.1321201972520533 0.03590919746706945 0.02005785172803451
0 0.4454000457757559 0.13168415699709604 0.06425856388843997 0.02441825427760719
0 0.05134385251870453 0.16961965917837868 0.04850891587656747 0.02877865682717996
0 0.16064640972110006 0.17485214223786597 0.15623650827777574 0.03226697886683815
0 0.24915943154782386 0.17136382019820776 0.011969732489023173 0.014825368668547228
0 0.31184303063507673 0.17310798121803686 0.09701783175313493 0.027034495807350834
0 0.38429141148969037 0.16831153841350688 0.040319098910393834 0.02441825427760721
0 0.4450850528155186 0.16700341764863505 0.06740849349081458 0.030522817847009075
0 0.04661895811514277 0.21147952365427675 0.06299859204749023 0.025290334787521757
0 0.10993254312287046 0.20886328212453312 0.0548087750813165 0.03401113988666715
0 0.16883622668727383 0.2106074431443622 0.0566987328427412 0.025290334787521757
0 0.2119902622398046 0.20581100033983218 0.023309479057571386 0.02616241529743629
0 0.2775087979691945 0.20450287957496038 0.09260793030981067 0.020057851728034457
0 0.35688702394903216 0.2049389198299177 0.05228883139941686 0.020929932237949023
0 0.4242955174398467 0.20188663804521678 0.07496832453651343 0.02180201274786356
0 0.04220905667181846 0.2441825427760721 0.045358986274192964 0.02965073733709449
0 0.07843324709912537 0.24505462328598668 0.01574964801187254 0.024418254277607104
0 0.09481288103147278 0.24679878430581575 0.011969732489023156 0.024418254277607226
0 0.125682191134743 0.2476708648157303 0.03590919746706943 0.027906576317265355
0 0.16600129004513675 0.24156630124632847 0.03338925378516986 0.024418254277607226
0 0.1984455649495942 0.2459267037959012 0.013859690250447834 0.026162415297436327
0 0.2283698961721521 0.2411302609913712 0.039689112989918875 0.027034495807350824
0 0.28506862901489327 0.24418254277607215 0.06488854980891487 0.027906576317265456
0 0.36003695355140664 0.23982214022649942 0.06866846533176435 0.024418254277607226
0 0.4368952358493447 0.23676985844179846 0.064888549808915 0.025290334787521695
0 0.050398873637992184 0.2842982462321411 0.060478648365590616 0.02267409325777816
0 0.14111684618637813 0.2821180449573549 0.1020577191169342 0.025290334787521688
0 0.2019104875122062 0.28342616572222656 0.011969732489023137 0.02790657631726532
0 0.23214981169500148 0.27950180342761116 0.03086931010327021 0.020057851728034457
0 0.28160370645228133 0.2803738839375257 0.05417878916084163 0.021802012747863593
0 0.3275926786469492 0.2755774411329957 0.0226794931370965 0.02092993223794906
0 0.367281791636868 0.2733972398582093 0.05039887363799217 0.023546173767692694
0 0.4315403555253083 0.27644952164291015 0.06677850757033986 0.024418254277607174
0 0.04157907075134355 0.32179770815846653 0.04157907075134355 0.02441825427760726
0 0.0850480992641118 0.3148210640791501 0.03275926786469492 0.024418254277607153
0 0.11780736712880674 0.3152571043341072 0.018899577614247084 0.023546173767692646
0 0.16726126188608656 0.3152571043341074 0.06614852164986473 0.025290334787521723
0 0.21577017776265403 0.31264086280436376 0.020789535375671804 0.02354617376769262
0 0.2601841851561347 0.31394898356923556 0.050398873637992204 0.029650737337094526
0 0.34523228442024645 0.3148210640791501 0.10835757832168319 0.03662738141641082
0 0.42240555967842197 0.30958858101966286 0.030869310103270278 0.02616241529743629
0 0.4592597360262038 0.30958858101966275 0.032759267864694984 0.02441825427760723
0 0.03968911298991885 0.3540646870253046 0.03905912706944395 0.022674093257778125
0 0.09040297958814848 0.3505763649856464 0.04724894403561766 0.029650737337094456
0 0.05638373988250375 0.38676770614709993 0.02330947905757138 0.027034495807350824
0 0.0973328247133724 0.3898199879318009 0.04472900035371806 0.03139489835692359
0 0.161276395641575 0.38589562563718544 0.07559831045698831 0.021802012747863628
0 0.20884033263743013 0.3837154243623991 0.014489676170922757 0.02790657631726539
0 0.2390796568202256 0.3845875048723137 0.033389253785169874 0.0209299322379491
0 0.27498885428729486 0.3858956256371854 0.023309479057571424 0.016569529688376293
0 0.3200328476012505 0.3841514646173561 0.05543876100179145 0.021802012747863624
0 0.36696679867663057 0.38458750487231375 0.03212928194422014 0.02092993223794883
0 0.400041059501563 0.3819712633425699 0.021419521296146583 0.022674093257778197
0 0.44130513729266907 0.3828433438524845 0.045988972194667924 0.03139489835692359
0 0.03748416226825669 0.4290636108779553 0.04094908483086865 0.029650737337094526
0 0.06992843717271416 0.42688340960316895 0.011339746568548232 0.02180201274786356
0 0.10394767687835887 0.4273194498581262 0.04283904259229336 0.022674093257778125
0 0.20285546639291843 0.4281915303680408 0.13481698698162908 0.03139489835692374
0 0.31247301655555154 0.4212148862887244 0.0730783667750886 0.02790657631726539
0 0.36129692539235647 0.42077884603376714 0.011969732489023173 0.021802012747863486
0 0.3849213974101653 0.4177265642490661 0.0226794931370965 0.019185771218119995
0 0.43941517953124437 0.4212148862887244 0.07118840901366397 0.02790657631726539
0 0.027089394580420798 0.4648189117844515 0.01889957761424707 0.02790657631726539
0 0.08945800070743613 0.46176662999975066 0.08819802886648635 0.025290334787521757
0 0.17891600141487224 0.4604585092348789 0.07307836677508867 0.026162415297436254
0 0.23876466385998799 0.46089454948983616 0.03401923970564475 0.02703449580735075
0 0.29420342486177936 0.4582783079600925 0.06173862020654042 0.027034495807350893
0 0.3392474181757349 0.45522602617539154 0.02204950721662151 0.027906576317265463
0 0.37421163676209196 0.45391790541051963 0.03779915522849419 0.03052281784700902
0 0.4110658131098738 0.4556620664303489 0.02330947905757135 0.016569529688376293
0 0.45012494017931765 0.4582783079600925 0.04094908483086868 0.027034495807350893
0 0.04346902851276825 0.5027544139657342 0.049138901797042375 0.020057851728034422
0 0.08756804294601142 0.4979579711612041 0.01637963393234747 0.022674093257778125
0 0.135446972902104 0.499266091926076 0.06677850757033965 0.030522817847009023
0 0.1877358043015209 0.4970858906512896 0.02771938050089574 0.02092993223794913
0 0.27183892468492027 0.4979579711612041 0.13166705737925447 0.02790657631726518
0 0.37421163676209196 0.4935975686116315 0.055438761001791334 0.03837154243623992
0 0.41421574271224826 0.492725488101717 0.010709760648073328 0.02092993223794913
0 0.4479199894576555 0.4935975686116315 0.041579070751343566 0.024418254277607118
0 0.06583352868962729 0.5363295135974441 0.09638784583266005 0.026162415297436254
0 0.13702193770329127 0.5354574330875295 0.03212928194422002 0.024418254277607118
0 0.20096550863149382 0.5319691110478713 0.08567808518458675 0.03139489835692312
0 0.2888485445377427 0.5337132720677005 0.08504809926411178 0.031394898356923495
0 0.3505871647442831 0.5297889097730851 0.01448967617092272 0.021802012747863628
0 0.3710617071597174 0.5293528695181279 0.017639605773297262 0.022674093257778125
0 0.4305953766445957 0.5328411915577859 0.08756804294601146 0.029650737337094314
0 0.06866846533176435 0.5751370962886412 0.09449788807123534 0.030522817847009023
0 0.161276395641575 0.5664162911894958 0.07307836677508868 0.02529033478752183
0 0.22207003696740302 0.5638000496597521 0.025829422739470972 0.03052281784700901
0 0.29042350933892996 0.5672883716994105 0.09197794438933564 0.03575530090649621
0 0.3499571788238083 0.5620558886399232 0.014489676170922793 0.027034495807350834
0 0.41043582718939886 0.568160452209325 0.09638784583266023 0.027034495807350935
0 0.030869310103270212 0.6058196095186265 0.01637963393234746 0.022674093257778125
0 0.07150340197390141 0.6123602133429854 0.05102885955846709 0.035755300906496285
0 0.11717738120833182 0.6053835692636691 0.015119662091397661 0.023546173767692694
0 0.14206182506709047 0.6045114887537545 0.01826959169377215 0.021802012747863628
0 0.17167116332941088 0.6032033679888827 0.02456945089852118 0.02790657631726539
0 0.23624472017808837 0.6049475290087117 0.09197794438933572 0.02790657631726529
0 0.3118430306350766 0.6036394082438401 0.039059127069443915 0.025290334787521688
0 0.34775222810214607 0.6001510862041819 0.0226794931370965 0.025290334787521688
0 0.4176806652748602 0.601895247224011 0.10079774727598434 0.03401113988666722
0 0.05606874692226631 0.6428830311899943 0.06929845125223925 0.025290334787521688
0 0.10867257128192065 0.6433190714449517 0.020789535375671787 0.02441825427760719
0 0.16379633932347462 0.6411388701701657 0.0781182541388879 0.032266978866838304
0 0.22018007920597837 0.6428830311899945 0.017009619852822375 0.021802012747863628
0 0.27467386132705746 0.6376505481305073 0.0806381978207875 0.028778656827179738
0 0.3572020169092696 0.6393947091503364 0.07433833861603845 0.023546173767692694
0 0.4290204118434086 0.6376505481305074 0.05669873284274125 0.030522817847009175
0 0.05890368356440337 0.6755860503117899 0.06740849349081456 0.03139489835692359
0 0.11182250088429516 0.6782022918415335 0.02456945089852118 0.022674093257778055
0 0.1896257620629456 0.6790743723514481 0.12221726857213105 0.03488322039658172
0 0.3171979109591133 0.6742779295469181 0.12158728265165614 0.027034495807350824
0 0.42965039776388336 0.674277929546918 0.08693805702553646 0.030522817847008953
0 0.052918817319891794 0.7109053109633288 0.06047864836559062 0.027034495807350966
0 0.10016776135550948 0.7100332304534143 0.021419521296146674 0.023546173767692552
0 0.14332179690804028 0.7152657135129016 0.043469028512768265 0.02529033478752183
0 0.19970553679054398 0.71395759274803 0.06173862020654042 0.029650737337094456
0 0.24096961458165012 0.7113413512182862 0.011969732489023137 0.02441825427760719
0 0.2699489669234957 0.7143936330029871 0.033389253785169826 0.027034495807350824
0 0.3518471365852328 0.7113413512182862 0.11906733896975652 0.031394898356923905
0 0.4403601584119566 0.7048007473939271 0.04157907075134352 0.030522817847009075
0 0.048193922916330026 0.7497128936545261 0.05858869060416591 0.027906576317265463
0 0.14962165611278933 0.7488408131446116 0.1329270292202044 0.029650737337094744
0 0.2378196849792756 0.7466606118698251 0.03212928194421998 0.02180201274786356
0 0.27782379092943194 0.7501489339094835 0.030239324182795287 0.027034495807350966
0 0.3320025800902735 0.7492768533995686 0.06677850757033972 0.030522817847009096
0 0.41075082014963626 0.7484047728896541 0.07559831045698821 0.027034495807350966
0 0.038429141148969025 0.7885204763457232 0.035279211546594504 0.03052281784700871
0 0.08095319078102495 0.7854681945610222 0.04472900035371808 0.027906576317265598
0 0.1341870010611542 0.7867763153258942 0.050398873637992184 0.037499461926325355
0 0.1754510788522603 0.780235711501535 0.01826959169377215 0.022674093257778055
0 0.2132502340807544 0.7832879932862359 0.05102885955846711 0.02877865682717957
0 0.26396410067898407 0.7819798725213641 0.039059127069443915 0.026162415297436327
0 0.30081827702676583 0.7819798725213641 0.022049507216621543 0.022674093257778055
0 0.3275926786469492 0.781543832266407 0.017639605773297228 0.0218020127478637
0 0.3836614255692155 0.783287993286236 0.0718183949341389 0.03226697886683823
0 0.43532027104815746 0.7811077920114496 0.017639605773297127 0.024418254277607354
0 0.0548087750813165 0.8207874552125614 0.05921867652464083 0.027034495807350966
0 0.11654739528785693 0.8216595357224759 0.05417878916084158 0.025290334787521972
0 0.1946656494267448 0.8207874552125614 0.08693805702553653 0.027034495807350966
0 0.2560892766730478 0.8194793344476895 0.020789535375671804 0.022674093257778055
0 0.309953072873652 0.8207874552125614 0.07433833861603852 0.02877865682717996
0 0.4088608623882116 0.8168630929179459 0.11213749384453266 0.022674093257778055
0 0.03275926786469492 0.8595950379037585 0.022679493137096482 0.02790657631726532
0 0.06331358500772766 0.8604671184136733 0.035909197467069415 0.026162415297436476
0 0.09953777543503456 0.8591589976488012 0.030239324182795305 0.018313690708205287
0 0.1297770996178299 0.8582869171388865 0.017639605773297286 0.02005785172803462
0 0.17608106477273516 0.8561067158641004 0.05858869060416591 0.02441825427760719
0 0.24128460754188757 0.855670675609143 0.06299859204749023 0.025290334787521688
0 0.3137329883965013 0.8508742328046129 0.0680384794112895 0.026162415297436327
0 0.367281791636868 0.850874232804613 0.020159549455196882 0.02441825427760719
0 0.40697090462678687 0.8534904743343568 0.049138901797042465 0.019185771218120068
0 0.4570547853045416 0.852618393824442 0.04346902851276831 0.020929932237949204
0 0.03023932418279531 0.8966584595751266 0.017639605773297262 0.020057851728034565
0 0.08284314854244965 0.8975305400850411 0.08126818374126238 0.025290334787521688
0 0.14458176874899006 0.8922980570255539 0.02834936642137059 0.025290334787521972
0 0.23309479057571386 0.8909899362606821 0.12851712777688007 0.027906576317265605
0 0.34460229849977153 0.8931701375354684 0.08693805702553653 0.03226697886683823
0 0.438470200650532 0.8901178557507674 0.08315814150268715 0.026162415297436327
0 0.5307631380001051 0.1063938222095743 0.020789535375671762 0.02616241529743632
0 0.5890368356440336 0.10901006373931796 0.08441811334363702 0.03837154243623995
0 0.651405441771049 0.10682986246453155 0.03149929602374527 0.023546173767692677
0 0.727318745188275 0.10203341966000158 0.10520764871930871 0.033139059376752704
0 0.5339130676024797 0.14084100235119876 0.01448967617092265 0.030522817847009023
0 0.5729721946719234 0.14868972694042973 0.051028859558467005 0.023546173767692576
0 0.6265209979122907 0.14432932439085694 0.03590919746706941 0.023546173767692635
0 0.6939294914031049 0.14345724388094236 0.0774882682184132 0.03575530090649627
0 0.7581880552915449 0.1404049620962415 0.03842914114896899 0.024418254277607247
0 0.8085869289295371 0.14389328413589964 0.049768887717517175 0.03139489835692356
0 0.8722155068975023 0.1443293243908569 0.05606874692226626 0.032266978866838124
0 0.5657273565864623 0.1800846252973532 0.08189816966173723 0.02877865682717996
0 0.623371068309916 0.184445027846926 0.019529563534722294 0.02529033478752163
0 0.6599102516974601 0.18139274606222489 0.040949084830868655 0.02790657631726539
0 0.7285787170292246 0.181392746062225 0.08756804294601139 0.02965073733709449
0 0.8215016402992729 0.17790442402256684 0.08567808518458676 0.03488322039658172
0 0.8737904716986895 0.17616026300273774 0.010079774727598618 0.02441825427760719
0 0.9052897677224344 0.18095670580726772 0.04157907075134367 0.03226697886683809
0 0.5430478634493658 0.21540388594889218 0.03779915522849416 0.024418254277607174
0 0.5909267934054584 0.21976428849846497 0.041579070751343525 0.029650737337094512
0 0.6391207163217885 0.21889220798855036 0.04220905667181839 0.02441825427760719
0 0.691724540681443 0.21322368467410588 0.04535898627419322 0.023546173767692666
0 0.760393006013207 0.21802012747863578 0.08567808518458662 0.027906576317265425
0 0.8240215839811722 0.216712006713764 0.031499296023745134 0.03226697886683809
0 0.8857602041877126 0.21278764441914855 0.0856780851845869 0.026162415297436254
0 0.5386379620060415 0.25682771016983297 0.05039887363799224 0.028778656827179887
0 0.61297630062208 0.2546475088950467 0.08567808518458664 0.029650737337094543
0 0.7184989423016261 0.25115918685538846 0.10520764871930866 0.033139059376752655
0 0.8344163516690082 0.25203126736530307 0.11402745160595756 0.03139489835692358
0 0.9134795846886083 0.252031267365303 0.03653918338754437 0.027906576317265355
0 0.5632074129045627 0.2956352928610302 0.10709760648073327 0.029650737337094456
0 0.6646351461010219 0.2925830110763293 0.08693805702553656 0.030522817847009012
0 0.7396034706375352 0.28909468903667135 0.054178789160841484 0.023546173767692958
0 0.8085869289295371 0.292146970821372 0.06740849349081454 0.02790657631726539
0 0.8797753379432013 0.28778656827179927 0.06236860612701534 0.022674093257778125
0 0.5241482858351186 0.32528603019812463 0.021419521296146833 0.02790657631726536
0 0.5751771453935857 0.32703019121795374 0.0680384794112895 0.02790657631726532
0 0.6391207163217886 0.322233748413424 0.03086931010327045 0.02529033478752176
0 0.7027492942897535 0.32528603019812463 0.08000821190031265 0.02965073733709451
0 0.7651179004167687 0.32310582892333833 0.03716916930801929 0.021802012747863593
0 0.8070119641283499 0.32223374841342384 0.03401923970564459 0.020057851728034457
0 0.8892251267503245 0.3183093861188084 0.1077275924012087 0.029650737337094512
0 0.5298181591193929 0.35798904931992 0.03275926786469498 0.023546173767692694
0 0.5937617300475954 0.36322153237940724 0.08126818374126231 0.030522817847009023
0 0.6687300545841087 0.35755300906496273 0.04724894403561763 0.026162415297436185
0 0.705269237971653 0.3588611298298344 0.017009619852822278 0.02180201274786355
0 0.744328365041097 0.35624488830009104 0.04850891587656745 0.02529033478752184
0 0.8196116825378478 0.36016925059470645 0.085678085184587 0.029650737337094623
0 0.8715855209770274 0.35450072728026183 0.006929845125223864 0.01831369070820543
0 0.9052897677224345 0.35755300906496273 0.04157907075134346 0.02441825427760719
0 0.5288731802386804 0.39636059175615995 0.03590919746706945 0.020057851728034492
0 0.5843119412404719 0.39592455150120265 0.054808775081316555 0.022674093257778055
0 0.6280959627134776 0.3937443502264163 0.010079774727598476 0.027034495807350824
0 0.6750299137888578 0.3954885112462454 0.06614852164986473 0.02180201274786356
0 0.7748826821841297 0.39418039048137354 0.11717738120833175 0.026162415297436327
0 0.8747354505794018 0.39287226971650163 0.06110863428606545 0.023546173767692687
0 0.5493477226541148 0.43167985240769896 0.0718183949341389 0.03139489835692359
0 0.606046455496856 0.43080777189778435 0.028979352341845583 0.026162415297436327
0 0.6394357092820259 0.43080777189778435 0.027719380500895598 0.022674093257778055
0 0.7011743294885662 0.43080777189778435 0.08567808518458671 0.027906576317265435
0 0.7566130904903576 0.428627570622998 0.010079774727598334 0.023546173767692694
0 0.8095319078102494 0.4299356913878698 0.08315814150268708 0.03488322039658179
0 0.8977299366767358 0.43037173164282705 0.06551853572938986 0.02529033478752181
0 0.554387610017914 0.4757199181583834 0.08945800070743616 0.03226697886683809
0 0.6145512654232672 0.47310367662863967 0.013229704329973089 0.020057851728034492
0 0.692669519562155 0.4704874350988962 0.12284725449260582 0.028778656827179866
0 0.7685828229793807 0.46743515331419516 0.011339746568548179 0.019185771218119853
0 0.8523709504025428 0.46787119356915247 0.14363678986827763 0.030522817847009064
0 0.5307631380001051 0.5101670983000078 0.04472900035371799 0.020929932237949055
0 0.5666723354671747 0.5049346152405206 0.015749648011872494 0.02441825427760719
0 0.6167562161449294 0.5005742126909479 0.0730783667750886 0.02790657631726539
0 0.6646351461010218 0.5049346152405205 0.012599718409498023 0.02092993223794899
0 0.7093641464547403 0.5092950177900929 0.060478648365590464 0.031394898356923336
0 0.7969321894007514 0.5084229372801787 0.08063819782078753 0.029650737337094456
0 0.8599307814482416 0.5044985749855633 0.035279211546594524 0.020057851728034492
0 0.8917450704322242 0.5053706554954779 0.01826959169377204 0.023546173767692694
0 0.9210394157343071 0.5023183737107769 0.023939464978046346 0.019185771218119926
0 0.5345430535229544 0.5450503186965896 0.044729000353718094 0.03139489835692352
0 0.5896668215645086 0.544178238186675 0.0516588454789418 0.029650737337094456
0 0.6369157656001261 0.5424340771668459 0.03653918338754427 0.022674093257778197
0 0.673769941947908 0.5428701174218032 0.020789535375671873 0.025290334787521757
0 0.6958194491645295 0.5454863589515468 0.011969732489023102 0.023546173767692764
0 0.7270037522280373 0.539381795382145 0.03401923970564468 0.023546173767692764
0 0.7717327525817552 0.5393817953821448 0.04283904259229368 0.027034495807350824
0 0.8372512883111451 0.539381795382145 0.0730783667750886 0.027034495807350824
0 0.9002498803586354 0.5402538758920595 0.04031909891039405 0.025290334787521757
0 0.5528126452167268 0.5808056196030857 0.0800082119003126 0.03139489835692359
0 0.6173862020654042 0.579497498838214 0.03905912706944413 0.021802012747863486
0 0.6665251038624467 0.582549780622915 0.039059127069443915 0.033139059376752655
0 0.7055842309318905 0.5786254183282995 0.01385969025044787 0.030522817847009023
0 0.735193569194211 0.5790614585832567 0.027719380500895455 0.026162415297436254
0 0.7928372809176645 0.5786254183282995 0.07244838085461382 0.027034495807350893
0 0.8856575554338046 0.5745555232381895 0.10117573882827033 0.02590079114446151
0 0.5346608998412132 0.6206013741616779 0.049201900389089774 0.025900791144461907
0 0.5824768312052584 0.6134067099548828 0.018710581838104545 0.023022925461743924
0 0.6393015612320945 0.6158049313571478 0.0796932189400752 0.03165652250989791
0 0.7207272414534752 0.6153252870766945 0.06791248222719523 0.03069723394899163
0 0.7678501883049984 0.6138863542353359 0.012473721225403125 0.020145059779026083
0 0.8565522059078644 0.6148456427962418 0.1399828715295237 0.031656522509897825
0 0.5128318876967579 0.6536968295129347 0.012473721225402983 0.019185771218119926
0 0.5693101254673328 0.6580136280370118 0.08246515699016477 0.03549367675352201
0 0.6469243908698408 0.6536968295129347 0.05335980746422436 0.03069723394899185
0 0.6843455545460501 0.6527375409520287 0.013166705737925355 0.02110434833993196
0 0.7311220091413116 0.6469818095865928 0.05821069905188111 0.02494150258355603
0 0.8503153452951631 0.6484207424279518 0.16077240690519504 0.02781936826627401
0 0.5519855126542729 0.6891905062664566 0.08246515699016438 0.028778656827179804
0 0.6500428211761914 0.6853533520228325 0.0928599246780008 0.028778656827179946
0 0.7474071451855877 0.6901497948273626 0.0907809711404336 0.026860079705367922
0 0.8381881163260201 0.6810365534987541 0.06860546673971885 0.023982214022649842
0 0.9112979823971336 0.6819958420596618 0.07345635832737357 0.025900791144461977
0 0.5474811133228776 0.7242045387395255 0.07207038930232876 0.023982214022649943
0 0.619551502625206 0.7165302302522774 0.06652651320214968 0.025900791144461553
0 0.6701393720393408 0.7218063173372603 0.024947442450806247 0.03645296531442793
0 0.7016701673591099 0.7237248944590726 0.02841236501341797 0.02877865682717996
0 0.7325079781663564 0.7198877402154485 0.02078953537567173 0.028778656827179817
0 0.7737405566614382 0.7218063173372602 0.050587869414133964 0.024941502583556388
0 0.8222494725380062 0.7203673844959017 0.038114148188731614 0.023982214022650078
0 0.8659074968269169 0.7155709416913717 0.03395624111359723 0.03165652250989794
0 0.8950128463528574 0.7189284516545427 0.01178073671288061 0.019185771218120068
0 0.929662071978977 0.7155709416913717 0.043658024288910725 0.025900791144461977
0 0.5263450856909446 0.7553814169689705 0.018710581838104617 0.026860079705367922
0 0.5488670823479224 0.7558610612494234 0.013859690250447728 0.027819368266273726
0 0.6105427039624152 0.7616167926148595 0.06098263710197045 0.039330830997145794
0 0.7158763498658189 0.7592185712125945 0.13305302640429928 0.0364529653144281
0 0.8638285432893494 0.7558610612494232 0.14483376311718 0.03549367675352189
0 0.5259985934346834 0.7899158051615864 0.033263256601074785 0.02877865682717996
0 0.5717355712611614 0.7937529594052104 0.03603519465116442 0.02302292546174385
0 0.6001479362745794 0.7951918922465692 0.012473721225403094 0.02014505977902601
0 0.6458849141010566 0.7937529594052103 0.06236860612701528 0.026860079705368453
0 0.7141438885845125 0.793273315124757 0.06583352868962777 0.03165652250989747
0 0.7744335411739611 0.7923140265638514 0.043658024288910725 0.023982214022649943
0 0.8593241439579538 0.7889565166006796 0.0997897698032237 0.024941502583556
0 0.5436696985040038 0.8311652132805435 0.07692128088998652 0.019185771218118083
0 0.5952970446869226 0.8330837904023564 0.011087752200358167 0.030697233948991993
0 0.6431129760509677 0.8282873475978263 0.07345635832737357 0.023022925461743712
0 0.7092929969968563 0.8282873475978263 0.04365802428891058 0.023022925461743712
0 0.7505255754919387 0.8268484147564672 0.020789535375671873 0.025900791144461977
0 0.8059643364937292 0.8282873475978235 0.07900023442755436 0.021104348339932036
0 0.9026356759906031 0.8278077033173726 0.10325469236583647 0.027819368266274357
0 0.5135248722092802 0.8661792457536133 0.018017597325582172 0.020145059779026156
0 0.567577664186027 0.8676181785949723 0.0748423273524184 0.03069723394899185
0 0.6292532858005199 0.8637810243513482 0.03742116367620916 0.02877865682717996
0 0.6812271242396993 0.8676181785949723 0.04850891587656747 0.02494150258355603
0 0.7162228421220803 0.8642606686318013 0.013166705737925355 0.025900791144461977
0 0.7986879991122444 0.8661792457536128 0.1351319799418665 0.027819368266273795
0 0.908526044347044 0.8642606686318014 0.06098263710197045 0.023982214022649943
0 0.5291170237410338 0.9040711439093994 0.0436580242889114 0.03261581107080289
0 0.564112741623415 0.9031118553484941 0.018017597325582172 0.019185771218119783
0 0.6133146420125024 0.9035914996289466 0.06375457515206011 0.029737945388084677
0 0.6871174925961396 0.904550788189853 0.07276337381485093 0.025900791144461977
0 0.7532975135420281 0.9026322110680411 0.04712294685152287 0.023982214022649943
0 0.7941835997808494 0.9007136339462292 0.018017597325582387 0.022063636900837905
0 0.8707583884145736 0.8997543453853232 0.11157050651610519 0.03165652250989794
