0 0.5811440050092769 0.05668523314444532 0.0408197267843854 0.04185986447589809
0 0.7497939288289744 0.05624919288948805 0.24921517405203722 0.028778656827179932
0 0.7127339137220983 0.09723697685547159 0.026855083410779912 0.023546173767692677
0 0.5618083449535152 0.12427147266282244 0.07734264022304607 0.023546173767692677
0 0.6483774772194144 0.1229070439700123 0.06063597789921978 0.009845334255095288
0 0.7644953748964199 0.12093797711899326 0.1424945480631663 0.015752534808152453
0 0.8643658649533768 0.12011307791216248 0.02364803138069577 0.023628802212228676
0 0.8886202561130642 0.11642107756650175 0.0187971531487581 0.020182935222945345
0 0.9083269489303106 0.11617494421012436 0.013339915137828342 0.017721601659171533
0 0.9298527210845335 0.11642107756650175 0.021222592264727065 0.0182138683719263
0 0.9541071122442214 0.11617494421012436 0.017584433590773708 0.019690668510190572
0 0.5866530861749503 0.14078827984786257 0.12672919380936895 0.015752534808152478
0 0.699739184956995 0.14546481361903282 0.08489036905890757 0.021167468648454868
0 0.7773532366679962 0.1405421464914852 0.030317988949609857 0.011322134393359615
0 0.8852852773286071 0.13685014614582447 0.14673906651611163 0.01575253480815247
0 0.6915533279406004 0.16490934877284605 0.11460199822952508 0.019690668510190565
0 0.5523937586618913 0.19715281845828309 0.06063597789921971 0.021167468648454882
0 0.6300078103728923 0.19666055174552832 0.05093422143534454 0.019198401797435843
0 0.7045900631889325 0.20109095216032116 0.061848697457204053 0.028059202627021555
0 0.5578509966728209 0.2195509538886248 0.06427413657317287 0.017721601659171485
0 0.552090578772395 0.2441642895263631 0.04547698342441478 0.023628802212228697
0 0.5766481498215792 0.26114749111640245 0.10308116242867328 0.015260268095397746
0 0.5393570234135591 0.28206882640847997 0.035775226960539544 0.01870613508468105
0 0.5808926682745243 0.28034589291383827 0.018190793369765926 0.010337600967850023
0 0.6260664718094431 0.28354562654674426 0.0503278616563523 0.019690668510190613
0 0.5348093250711174 0.2973290945038776 0.0278925498336411 0.011814401106114331
0 0.5890785252909191 0.29708296114750027 0.0406261051924772 0.01821386837192623
0 0.5651273140207274 0.3221885634979932 0.08852852773286077 0.02018293522294521
0 0.6354650483838221 0.31628136294493603 0.013339915137828342 0.014275734669888145
0 0.7167172587687765 0.3182504297959551 0.10793204066061093 0.012306667818869138
0 0.5699781922526648 0.34114083193905176 0.09095396684882946 0.01870613508468107
0 0.6418318260632401 0.33769496494976825 0.016371714032789413 0.010829867680604793
0 0.7215681370007145 0.3408946985826742 0.10308116242867346 0.021167468648454885
0 0.8143411831865203 0.340156298513542 0.05214694099332921 0.028551469339776356
0 0.5581541765623176 0.3568933667472034 0.06488049635216428 0.018706135084680678
0 0.6391032070577753 0.358124033529091 0.04123246497146923 0.014275734669888109
0 0.6788197725817642 0.3571395001035815 0.011520835800851757 0.009353067542340483
0 0.7200522375532337 0.3593547003109779 0.041838824750461544 0.019690668510190527
0 0.5463301608719692 0.3792915021775458 0.04729606276139144 0.019198401797435805
0 0.5351125049606135 0.39405950356018876 0.01758443359077358 0.016244801520907258
0 0.5721004514791371 0.3933211034910567 0.03577522696053945 0.015752534808152308
0 0.6500176830796347 0.3965208371239626 0.07397589303704803 0.016244801520907178
0 0.7288444543486203 0.39602857041120776 0.053359660551313276 0.027074669201512056
0 0.5563350972253404 0.4171960390596627 0.05517873988828996 0.016244801520907
0 0.6345555087153337 0.4171960390596627 0.07458225281604029 0.020182935222945345
0 0.7203554174427294 0.4144885721395113 0.06306141701518843 0.020675201935700244
0 0.7788691361154767 0.41424243878313405 0.021222592264726926 0.01033760096785002
0 0.8103998446230708 0.41571923892139834 0.026073470496664298 0.016244801520907258
0 0.9256082026315883 0.4135040387140019 0.10975111999758752 0.015752534808152488
0 0.8422337330201611 0.41276563864486976 0.032743428065578825 0.010337600967850094
0 0.5363252245185978 0.43565604078796627 0.026073470496664287 0.01772160165917149
0 0.5908976046278955 0.43319470722419257 0.05032786165635254 0.014768001382642879
0 0.5445110815349925 0.4538699091598925 0.01455263469581283 0.014768001382642877
0 0.5790735889375476 0.4523931090216282 0.03516886718154752 0.01181440110611425
0 0.620002874019521 0.45288537573438303 0.035775226960539516 0.010829867680604711
0 0.6497145031901388 0.45559284265453426 0.01273355535883624 0.008368534116830872
0 0.7139886397633116 0.454854442585402 0.08428400927991526 0.020675201935699924
0 0.5757386101530908 0.4774987113721212 0.08428400927991539 0.0157525348081524
0 0.6421350059527362 0.474052844382838 0.018190793369766 0.009845334255095324
0 0.7085314017523817 0.47552964452110225 0.08428400927991547 0.018706135084680962
0 0.8034267071646605 0.4747912444519701 0.08489036905890755 0.016244801520907105
0 0.5405697429715433 0.49620484645680235 0.01637171403278927 0.015752534808152488
0 0.5966580225283216 0.4971893798823119 0.08003949082697005 0.015752534808152488
0 0.690643788272112 0.4952203130312928 0.07640133215301677 0.020675201935700254
0 0.5912007845173918 0.5183568485307669 0.10914476021859545 0.02362880221222879
0 0.609391577887157 0.5414933840302406 0.1479517860740958 0.020675201935700164
0 0.7203554174427295 0.5414933840302407 0.04487062364542254 0.019690668510190648
0 0.5669463933577038 0.5582304522639027 0.0727631734790637 0.018706135084681108
0 0.5681591129156882 0.5818592544761314 0.07033773436309489 0.017721601659171568
0 0.6497145031901387 0.5779211207740933 0.053966020330305536 0.0127989345316238
0 0.7091377615313741 0.578413387486848 0.027286190054648926 0.011814401106114331
0 0.7864486333528791 0.5739829870720551 0.10429388198665791 0.021659735361209655
0 0.5454206212034809 0.5966272558587743 0.02849890961263327 0.016737068233661886
0 0.5942325834123526 0.5961349891460195 0.05457238010929764 0.013783467957133411
0 0.5660368536892156 0.6182869912199839 0.06245505723619616 0.026582402488757092
0 0.5927166839648723 0.6406851266503247 0.11096383955557178 0.018213868371926692
0 0.6763943334657952 0.6337933926717589 0.013946274916820442 0.01722933494641673
0 0.746125708049898 0.6387160597993067 0.09398576574379035 0.020182935222945345
0 0.6054502393237083 0.6608680618732707 0.13400551115727546 0.019198401797435746
0 0.7164140788792804 0.6601296618041388 0.05881689856224298 0.019690668510190506
0 0.8279842782138447 0.6564376614584769 0.12915463292533808 0.020182935222944766
0 0.5475428804299536 0.675636063255914 0.02304167160170344 0.01526026809539772
0 0.6375873076102948 0.6783435301760646 0.14613270673711956 0.018706135084681073
0 0.7321794331330774 0.6766205966814235 0.0127335553588361 0.011322134393359561
0 0.8149475429655123 0.6788357968888198 0.12854827314634562 0.017721601659171426
0 0.601205720870763 0.6980341986862557 0.13279279159929097 0.022644268786719123
0 0.7273285549011408 0.6955728651224785 0.08064585060596138 0.0265824024887579
0 0.5869562660644463 0.7150174002762949 0.09095396684882946 0.012306667818869193
0 0.7218713168902103 0.7196939340474653 0.1509835849690568 0.01969066851019067
0 0.5557287374463482 0.7403691359831654 0.02607347049666444 0.023628802212228805
0 0.6209124136880095 0.7384000691321461 0.0739758930370479 0.021659735361209628
0 0.689431068714128 0.7356926022119952 0.019403512927750343 0.011322134393359806
0 0.7637101416406722 0.7391384692012781 0.08064585060596187 0.022152002073964137
0 0.5451174413139848 0.7694128720356965 0.021828952043719027 0.020675201935700046
0 0.6148488158980874 0.7770430060833954 0.08125221038495446 0.020182935222945276
0 0.7109568408683506 0.7782736728652822 0.0757949723740245 0.018706135084681108
0 0.5506874037667824 0.7947247807812633 0.01940351292775027 0.017721601659171426
0 0.6283014554777835 0.7981706477705464 0.10429388198665779 0.01772160165917139
0 0.7647324057510276 0.7942325140685083 0.11642107756650172 0.015752534808152197
0 0.5591764406726731 0.8146615826478313 0.04487062364542261 0.013291201244378641
0 0.6192060587929006 0.813923182578699 0.042445184529453714 0.010829867680604793
0 0.6901501529349876 0.8141693159350762 0.06669957568914174 0.020182935222945928
0 0.7516956705026956 0.8139231825786992 0.027286190054648926 0.009845334255095395
0 0.7829231991207938 0.8122002490840575 0.012127195579844 0.013291201244378784
0 0.8666008486217168 0.8149077160042085 0.12612283403037694 0.020675201935700046
0 0.9569484556915541 0.813923182578699 0.04487062364542239 0.019690668510190506
0 0.5813085726058883 0.8343522511580218 0.10490024176564999 0.02510560235049284
0 0.6652894019963074 0.8313986508814931 0.012127195579843857 0.014275734669887795
0 0.7438129933757969 0.8353367845835313 0.10975111999758766 0.0162448015209074
0 0.5822181122743765 0.8572426533011182 0.1006557233127046 0.02067520193569989
0 0.6849960948135538 0.8515815861044385 0.04790242254038347 0.013291201244378641
0 0.7559401889556415 0.854042919668212 0.06245505723619569 0.017229334946416784
0 0.5764576943739507 0.873241321465648 0.09883664397572801 0.020182935222945418
0 0.604956603986584 0.8971162570342542 0.1449199871791351 0.018706135084680966
0 0.7589719878506019 0.8889938562738007 0.13158007204130634 0.017229334946416958
0 0.8814566632070262 0.8904706564120646 0.09762392441774298 0.018213868371925755
