0 0.05338637697828167 0.15776729224817646 0.04540910225738901 0.022198412979642902
0 0.14236367194208438 0.15538889085750032 0.11290911912648066 0.023784013906760267
0 0.08038638372591836 0.19027211125408214 0.07731820114095962 0.036468821323699066
0 0.1405227623911092 0.19859651612144824 0.03559091798552112 0.019820011588966898
0 0.17212504301618395 0.19701091519433084 0.012886366856826576 0.016648809734732203
0 0.2104773253281679 0.19582171449899285 0.050318194393322954 0.01902721112540824
0 0.24760233460616837 0.19582171449899285 0.010431820788859625 0.014270408344056164
0 0.30405689416940795 0.19502891403543376 0.08406820282786834 0.038054422250816414
0 0.3663410006440707 0.19502891403543415 0.03559091798552103 0.01744161019829086
0 0.403772828180567 0.19463251380365484 0.027000006747636647 0.01823441066184948
0 0.46298875207027024 0.20256051843924158 0.07425001855600087 0.03250481900590572
0 0.033443190176050006 0.23466893721336798 0.012886366856826608 0.026955215760994945
0 0.0659659255766124 0.23784013906760268 0.033750008434545876 0.025369614833877632
0 0.13009094160224927 0.2350653374451471 0.08100002024290993 0.027748016224553536
0 0.18317050032203533 0.23427253698158865 0.01043182078885966 0.02140561251608421
0 0.2261250565114573 0.2330833362862505 0.058295469114215494 0.023784013906760194
0 0.05093183091031465 0.26955215760994944 0.03436364495153756 0.025369614833877573
0 0.08345456631087705 0.27232695923240496 0.012272730339834854 0.018234410661849502
0 0.14082958064960485 0.27311975969596347 0.08038638372591825 0.02299121344320145
0 0.2104773253281677 0.2699485578417289 0.03559091798552106 0.026162415297435994
0 0.24453415202120957 0.273516159927743 0.019022732026743913 0.019027211125408453
0 0.30129552984294555 0.26955215760994955 0.07486365507299254 0.023784013906760035
0 0.3776932762084179 0.27510176085486043 0.061977288216166077 0.02378401390676025
0 0.4504092034719393 0.27391256015952237 0.06259092473315798 0.029333617151670918
0 0.04448864748190138 0.3119669824103389 0.043568192706413766 0.016648809734732203
0 0.09695456968469543 0.3167237851916909 0.0441818292234055 0.02299121344320163
0 0.13684094328915872 0.3123633826421178 0.02086364157771924 0.01902721112540828
0 0.1782614081861013 0.3139489835692354 0.04847728484234759 0.03805442225081651
0 0.21784096353206883 0.3107777817150008 0.012272730339834866 0.015856009271173477
0 0.25435233629307746 0.31117418194678 0.04479546574039753 0.026162415297435918
0 0.30896598630534267 0.31434538380101484 0.05338637697828169 0.02299121344320156
0 0.3773864579499221 0.3127597828738975 0.06872728990307529 0.019820011588966863
0 0.4479546574039725 0.30998498125144214 0.05645455956324035 0.03488322039658175
0 0.04142046489694266 0.35358900674716937 0.04479546574039724 0.022198412979642868
0 0.08253411153538945 0.35200340582005196 0.019022732026744062 0.020612812052525627
0 0.12610230424180321 0.3476430032704792 0.05338637697828167 0.029333617151671022
0 0.18900004723345687 0.3512106053564933 0.0540000134952734 0.022198412979642937
0 0.23164778516438297 0.3500214046611551 0.011659093822843115 0.019820011588966766
0 0.28043188826522664 0.35358900674716925 0.06504547080112481 0.026955215760994945
0 0.3390341756379381 0.3512106053564932 0.03743182753649634 0.025369614833877632
0 0.3896591882897569 0.35081420512471395 0.04540910225738891 0.02299121344320163
0 0.4234091967243024 0.3472466030386997 0.012272730339834857 0.019027211125408
0 0.4596137512268157 0.3480394035022586 0.04540910225738898 0.01902721112540824
0 0.05307955871978577 0.38886862737553024 0.05829546911421561 0.027748016224553394
0 0.05676137782173624 0.4233554475403328 0.03497728146852937 0.028540816688112258
0 0.10032957052815 0.4261302491627881 0.032522735400562386 0.01823441066184955
0 0.14512503626854728 0.42890505078524344 0.03620455450251285 0.02378401390676025
0 0.1948295941448784 0.427319449858126 0.05461365001226525 0.030126417615229627
0 0.24392051550421748 0.429301451017022 0.03129546236657879 0.02616241529743592
0 0.2819659795577057 0.4277158500899052 0.03252273540056237 0.022991213443201583
0 0.31878417057721037 0.4221662468449945 0.030068189332595738 0.024576814370318435
0 0.36695463716106247 0.4229590473085533 0.052772740461289935 0.022991213443201552
0 0.4470342026284848 0.426130249162788 0.09020456799778626 0.026162415297436365
0 0.07670456462396791 0.46735587326783923 0.10431820788859636 0.026162415297436327
0 0.17089776998220008 0.4625990704864863 0.06565910731811642 0.030919218078788228
0 0.05062501265181881 0.4970858906512896 0.019022732026744045 0.026955215760995018
0 0.08161365675990184 0.5018426934326417 0.02945455281560367 0.019027211125408172
0 0.12150003036436513 0.5010498929690828 0.028227279781620204 0.022198412979642663
0 0.1736591343086633 0.5042210948233177 0.06381819776714133 0.022198412979642937
0 0.25251142674210236 0.5026354938962002 0.07179547248803399 0.033297619469464405
0 0.30221598461843313 0.4962930901877307 0.01656818595877697 0.02219841297964274
0 0.3470114503588308 0.5006534927373036 0.061977288216166077 0.019820011588966936
0 0.4350682905471459 0.5050138952868763 0.10063638878664591 0.030126417615229713
0 0.05154546742730625 0.5482215205508234 0.05400001349527315 0.027748016224554705
0 0.09173865929026562 0.5430683175376927 0.007977274720892656 0.020612812052525627
0 0.13438639722119158 0.5398971156834577 0.06136365169917421 0.026955215760994144
0 0.20035232279780374 0.5426719173059125 0.05215910394429775 0.019820011588966513
0 0.2669318848914083 0.5426719173059135 0.06259092473315782 0.03250481900590572
0 0.34946599642679693 0.5367259138292226 0.08038638372591816 0.023784013906760146
0 0.42156828717332717 0.5430683175376924 0.047863648325355904 0.023784013906760035
0 0.4657501163967331 0.5422755170741341 0.03313637191755411 0.02536961483387756
0 0.042034101413934405 0.5803299393249506 0.030068189332595426 0.019027211125408314
0 0.08345456631087707 0.5811227397885091 0.028227279781620193 0.02378401390676018
0 0.1307045781192413 0.5803299393249506 0.04909092135933943 0.023784013906760323
0 0.16568185958777065 0.5779515379342742 0.009818184271867909 0.019027211125408238
0 0.19575004892036602 0.5779515379342742 0.029454552815603698 0.02695521576099501
0 0.22704551128694497 0.5739875356164811 0.013500003373818358 0.028540816688112258
0 0.2552727910685652 0.5767623372389364 0.024545460679669766 0.027748016224553567
0 0.2874887082106317 0.5779515379342745 0.030068189332595453 0.01744161019829079
0 0.3282955365905824 0.5799335390931708 0.04050001012145506 0.026162415297436216
0 0.3608182719911451 0.5759695367753778 0.011045457305851443 0.019820011588966794
0 0.4264773793092615 0.5831047409474055 0.10554548092258004 0.024576814370318664
0 0.061977288216165966 0.614420359257973 0.042954556189421955 0.03012641761522893
0 0.10861366350753845 0.6175915611122079 0.03681819101950456 0.017441610198290502
0 0.14911367362899358 0.6144203592579736 0.029454552815603652 0.02378401390676018
0 0.19268186633540715 0.6175915611122076 0.04295455618942201 0.017441610198291345
0 0.26140915623848215 0.6148167594897526 0.07609092810697603 0.026162415297435602
0 0.3267614452981033 0.6203663627346636 0.04356819270641377 0.018234410661849623
0 0.36695463716106225 0.6160059601850907 0.02209091461170258 0.022198412979642857
0 0.41727283155438544 0.6160059601850909 0.0699545629370587 0.020612812052525485
0 0.03528409972702524 0.6516819810452312 0.01902273202674405 0.028540816688112328
0 0.07823865591644726 0.6596099856808181 0.052159103944298166 0.025369614833877847
0 0.13101139637773693 0.6560423835948035 0.04602273877438063 0.01982001158896781
0 0.18961368375044862 0.6528711817405692 0.05277274046128991 0.022991213443201416
0 0.26723870314990417 0.6540603824359075 0.0865227488958358 0.03012641761522964
0 0.3764660031744345 0.6564387838265834 0.11965912081338993 0.025369614833877563
0 0.46360238858726205 0.654853182899466 0.04111364663844675 0.019027211125408172
0 0.07179547248803386 0.7015106254701584 0.10186366182062923 0.030919218078788814
0 0.14328412671757204 0.6975466231523652 0.03497728146852934 0.019820011588966794
0 0.1957500489203661 0.6987358238477032 0.0540000134952734 0.026955215760994945
0 0.27460234135380507 0.6959610222252479 0.08529547586185224 0.02774801622455371
0 0.3540682703042359 0.6919970199074544 0.06872728990307529 0.03091921807878819
0 0.43782965487360875 0.6939790210663511 0.09265911406575328 0.026955215760994945
0 0.047556830066860095 0.7352046451714023 0.0497045578763312 0.023784013906760323
0 0.1264091225002991 0.7356010454031816 0.09081820451477801 0.0340904199330231
0 0.20219323234877937 0.7344118447078436 0.04356819270641374 0.025369614833877563
0 0.23410233123234994 0.7344118447078433 0.009204547754876165 0.019027211125408314
0 0.262943247530962 0.733619044244285 0.03252273540056241 0.014270408344056164
0 0.3028296211354252 0.734808244939623 0.026386370230645006 0.02140561251608432
0 0.37309100233097986 0.7324298435489467 0.09695456968469543 0.019820011588966936
0 0.4344546540301542 0.7340154444760643 0.01350000337381843 0.019820011588966794
0 0.46820466246470005 0.7332226440125056 0.03804546405348802 0.02299121344320156
0 0.06504547080112479 0.7740518678857774 0.08468183934486057 0.025369614833877563
0 0.14328412671757204 0.7700878655679838 0.0472500118083642 0.026955215760994945
0 0.18255686380504357 0.7728626671904394 0.01656818595877709 0.01823441066184955
0 0.23348869471535827 0.7728626671904394 0.06688638035210001 0.019820011588966794
0 0.3138750784412766 0.7748446683493362 0.08529547586185231 0.02378401390676018
0 0.42034101413934283 0.7732590674222162 0.11781821126241661 0.023784013906755382
0 0.053079558719785785 0.8093314885141385 0.05093183091031468 0.030919218078788332
0 0.09848866097717479 0.8105206892094765 0.030068189332595415 0.022198412979642937
0 0.12825003205127428 0.8105206892094756 0.0159545494417854 0.017441610198290766
0 0.16936367868972113 0.8140882912954904 0.058909105631207354 0.02933361715167095
0 0.21784096353206883 0.8121062901365939 0.025772733713653226 0.020612812052525555
0 0.27675006916327616 0.8136918910637112 0.07854547417494316 0.022198412979642937
0 0.3282955365905826 0.8101242889776973 0.00981818427186794 0.021405612516084315
0 0.36388645457610375 0.8097278887459177 0.046636375291372476 0.01744161019829079
0 0.406227374248534 0.8073494873552418 0.025772733713653226 0.025369614833877563
0 0.44826147566246843 0.8121062901365937 0.052159103944298194 0.02854081668811247
0 0.0497045578763312 0.8489715116920721 0.047863648325355966 0.0229912134432017
0 0.061977288216166056 0.8826655313933159 0.0171818224757688 0.02536961483387728
0 0.09634093316770358 0.8838547320886536 0.035590917985521046 0.027748016224553404
0 0.14512503626854728 0.8854403330157713 0.04602273877438073 0.024576814370319083
0 0.18071595425406833 0.8822691311615365 0.016568185958777057 0.026162415297436042
0 0.2120114166206473 0.8858367332475506 0.03497728146852932 0.017441610198290932
0 0.24576142505519313 0.8870259339428886 0.021477278094711033 0.01823441066184955
0 0.29454552815603674 0.8894043353335647 0.06013637866519083 0.024576814370319083
0 0.3442500860323679 0.8886115348700059 0.03313637191755418 0.015063208807614928
0 0.4007046455956074 0.8890079351017848 0.06259092473315761 0.028540816688110995
0 0.45409102257388995 0.8842511323204333 0.03436364495153761 0.020612812052525555
0 0.9471479639767557 0.044000425727506495 0.020250005060727574 0.027748016224553643
0 0.5446024088301721 0.1573708920163971 0.06811365338608354 0.026162415297436306
0 0.6160910630597103 0.1541996901621624 0.06013637866519083 0.01823441066184955
0 0.6765342599833967 0.15221768900326568 0.04602273877438064 0.02378401390676026
0 0.5630115043399236 0.19582171449899263 0.08406820282786864 0.041225624105051505
0 0.6522956175622228 0.19265051264475797 0.07609092810697593 0.03805442225081663
0 0.7044547215065212 0.19185771218119946 0.01840909550975226 0.02378401390676025
0 0.7602956445527692 0.19304691287653733 0.07977274720892708 0.030919218078788068
0 0.8146024763065389 0.1942361135718754 0.019022732026743924 0.02219841297964292
0 0.8664547619923407 0.18908291055874385 0.07118183597104373 0.029333617151670485
0 0.9385570527388711 0.18868651032696476 0.061977288216166215 0.03171201854234706
0 0.5271137680959075 0.23427253698158865 0.03927273708747158 0.027748016224553675
0 0.5777387807477262 0.23110133512735392 0.03988637360446333 0.021405612516084246
0 0.6495342532357601 0.23546173767692666 0.08038638372591833 0.030126417615229713
0 0.7136592692613973 0.22911933396845727 0.011045457305851443 0.022198412979642902
0 0.790977470402357 0.23070493489557456 0.12272730339834852 0.02061281205252559
0 0.9038865895288378 0.23149773535913326 0.08100002024291016 0.026955215760994945
0 0.957886603024111 0.23229053582269196 0.012272730339834795 0.01585600927117351
0 0.5332501332658249 0.27311975969596375 0.05277274046129001 0.02457681437031887
0 0.6059660605293464 0.27193055900062574 0.07425001855600101 0.02378401390676025
0 0.6986251745950992 0.27113775853706695 0.0951136601337202 0.022198412979642687
0 0.5591021625414314 0.31105639716751043 0.09388638709973471 0.04439682595928676
0 0.6447044566617806 0.30709239484971745 0.05522728652925693 0.030126417615229675
0 0.6861249215587233 0.3078851953132762 0.019022732026744222 0.01744161019829086
0 0.7422726628634677 0.3110563971675109 0.07854547417494302 0.033297619469464405
0 0.8103863162495512 0.3074887950814968 0.04295455618942199 0.026162415297436254
0 0.8484317803030393 0.30273199230014475 0.014727276407801781 0.02616241529743629
0 0.880034060928113 0.3086779957768348 0.03620455450251265 0.02378401390676025
0 0.9410908943687926 0.30907439600861414 0.07363638203900905 0.02933361715167095
0 0.5308748827598122 0.35109282057722396 0.047250011808364294 0.029333617151671022
0 0.5689203468133003 0.3534712219679 0.010431820788859625 0.02299121344320163
0 0.5999089909213834 0.34792161872298927 0.03927273708747158 0.01823441066184955
0 0.6634203704300288 0.3479216187229892 0.07179547248803403 0.03250481900590565
0 0.7438067541559471 0.352282021272562 0.07302274552201737 0.026955215760995018
0 0.7925908572567906 0.35109282057722396 0.009818184271867949 0.021405612516084176
0 0.8637726932278328 0.34990361988188584 0.11413639216046409 0.02378401390676029
0 0.9285113457704618 0.34792161872298927 0.009204547754875989 0.01823441066184955
0 0.9613408994295202 0.34356121617341656 0.03804546405348802 0.02378401390676025
0 0.5182953341614815 0.38597604097380567 0.02086364157771932 0.021405612516084246
0 0.5913180796834975 0.3875616419009227 0.10063638878664544 0.0340904199330237
0 0.6683294625659627 0.3832012393513503 0.04111364663844683 0.022198412979642868
0 0.7204885665102607 0.3843904400466883 0.04479546574039769 0.029333617151671047
0 0.7803181269169555 0.38637244120558484 0.05768183259722415 0.025369614833877688
0 0.8551817819899487 0.3820120386560123 0.029454552815603705 0.021405612516084246
0 0.9285113457704618 0.38597604097380567 0.09756820620168724 0.030919218078788405
0 0.5103180594405888 0.4252196639199602 0.012272730339834866 0.022198412979642937
0 0.5637044364188705 0.42165206183394616 0.07486365507299261 0.030919218078788405
0 0.6213862690160943 0.4248232636881808 0.02086364157771925 0.01823441066184948
0 0.6717044634094174 0.4260124643835188 0.06995456293705886 0.025369614833877705
0 0.7287726594896494 0.4216520618339461 0.03559091798552117 0.027748016224553567
0 0.7824658547264269 0.4236340629928428 0.04970455787633142 0.02378401390676018
0 0.8379999595141793 0.4236340629928425 0.047863648325356035 0.022198412979642687
0 0.9085681589682296 0.41808445974793185 0.08100002024290953 0.022198412979642604
0 0.5471362504600935 0.4597064840847625 0.049090921359339464 0.03884722271437511
0 0.5956135353024412 0.46089568478010057 0.02822727978162014 0.020612812052525555
0 0.6585112782940947 0.4593100838529832 0.07915911069193492 0.028540816688112328
0 0.7122044735308722 0.4612920850118799 0.01350000337381843 0.019820011588966936
0 0.7609885766317158 0.46010288431654184 0.07056819945405036 0.026955215760994845
0 0.8168294996779646 0.4553460815351898 0.020250005060727574 0.026955215760994945
0 0.8475113255275517 0.45693168246230714 0.02025000506072743 0.03012641761522964
0 0.8969090651453865 0.46129208501187974 0.06627274383510733 0.02299121344320178
0 0.9487613508311893 0.4593100838529832 0.030068189332595523 0.01744161019829079
0 0.5290339732088369 0.5017249086533724 0.052159103944298124 0.026162415297436254
0 0.6115680847442264 0.5005357079580344 0.08959093148079439 0.03488322039658165
0 0.6778408285793347 0.49974290749447564 0.03190909888357055 0.01744161019829086
0 0.7238635673537149 0.49934650726269597 0.0515454674273062 0.029333617151670967
0 0.7646703957336664 0.4941933042495649 0.01288636685682647 0.025369614833877705
0 0.8220454100723933 0.49934650726269597 0.07854547417494294 0.030919218078787968
0 0.8852499713225438 0.5009321081898137 0.0417272831554385 0.019820011588966936
0 0.9174658884646105 0.4977609063355789 0.012886366856826613 0.019820011588966794
0 0.9524431699331398 0.501328508421593 0.048477284842347784 0.022198412979642937
0 0.5130794237670516 0.5381937299770714 0.012886366856826613 0.02140561251608432
0 0.5538862521470026 0.5401757311359681 0.050318194393322885 0.028540816688112258
0 0.5894771701325238 0.5393829306724094 0.0110454573058513 0.020612812052525485
0 0.6462385479542596 0.5393829306724091 0.08161365675990172 0.023784013906760083
0 0.7358294794350537 0.5366081290499539 0.08161365675990163 0.037261621787258094
0 0.8248067743988571 0.5370045292817334 0.07425001855600115 0.03805442225081648
0 0.8864772443565275 0.5370045292817334 0.033136371917554044 0.022198412979642937
0 0.9450795317292389 0.5366081290499541 0.06811365338608354 0.02774801622455371
0 0.5317953375352996 0.5754553517643288 0.044181829223405654 0.024576814370318573
0 0.631204453287962 0.5762481522278875 0.14359094497606809 0.024576814370319
0 0.7263181134216825 0.5758517519961085 0.03927273708747137 0.020612812052525627
0 0.7882954016378478 0.5766445524596658 0.07240910900502529 0.03488322039658324
0 0.8966022468868909 0.5758517519961079 0.12702275901729118 0.026955215760994515
0 0.5321021557937953 0.614302574478704 0.04725001180836461 0.024576814370318546
0 0.5999089909213827 0.615888175405821 0.07854547417494272 0.026162415297436112
0 0.6523749131241775 0.6127169735515868 0.011659093822843119 0.02140561251608432
0 0.6910340136946571 0.6178701765647183 0.04725001180836415 0.025369614833877563
0 0.7625226679241949 0.6107349723926897 0.07854547417494283 0.028540816688112383
0 0.5827271684456146 0.6547353981201967 0.09695456968469557 0.03884722271437511
0 0.679374919871814 0.6523569967295209 0.05952274214819923 0.03567602086014048
0 0.7315340238161121 0.649185794875286 0.022704551128694277 0.021405612516084176
0 0.7778635808489889 0.6543389978884173 0.05277274046128994 0.026955215760994945
0 0.8330908673782457 0.6495821951070653 0.042954556189422136 0.02378401390676025
0 0.89445451907742 0.6511677960341826 0.06259092473315775 0.025369614833877563
0 0.9484545325726919 0.647600193948168 0.03804546405348798 0.019820011588967106
0 0.5253521541068864 0.6927898203710131 0.02270455112869442 0.02933361715167095
0 0.5719885293982586 0.6904114189803363 0.04111364663844658 0.021405612516084145
0 0.6115680847442264 0.6900150187485576 0.012272730339834866 0.019027211125408172
0 0.6591249148110865 0.6943754212981303 0.05829546911421566 0.02457681437031894
0 0.7284658412311535 0.6900150187485578 0.06688638035210005 0.023784013906760323
0 0.8014885867531709 0.6943754212981303 0.06320456125014956 0.026162415297436185
0 0.8576363280579153 0.6896186185167784 0.0343636449515376 0.026162415297436178
0 0.9076477041927427 0.6888258180532196 0.048477284842347645 0.021405612516084176
0 0.5336362470862749 0.725691039608698 0.015954549441785412 0.03171201854234695
0 0.5563407982149695 0.7268802403040362 0.014727276407801852 0.016648809734732168
0 0.6020567187308545 0.7312406428536087 0.06320456125014964 0.022198412979642937
0 0.6753862825113679 0.7356010454031818 0.06259092473315775 0.02774801622455371
0 0.7214090212857485 0.7241054386815807 0.012272730339834937 0.02378401390676018
0 0.7708067609035837 0.7296550419264914 0.0693409264200669 0.022198412979642937
0 0.8435226881671053 0.7304478423900502 0.0613636516991744 0.019027211125408172
0 0.9128636145871724 0.7316370430853881 0.06504547080112459 0.02299121344320156
0 0.5308748827598122 0.768898664872646 0.04234091967243025 0.02299121344320156
0 0.6017499004723585 0.7669166637137493 0.08100002024290993 0.025369614833877563
0 0.6667953712734832 0.7669166637137493 0.0417272831554385 0.020612812052525697
0 0.7039203805514838 0.76652026348197 0.017795458992760586 0.01982001158896708
0 0.7425794811219635 0.7692950651044254 0.048477284842347645 0.023784013906760323
0 0.782159036467931 0.7653310627866319 0.009818184271867949 0.01744161019829079
0 0.8165226814194686 0.7685022646408666 0.046636375291372476 0.025369614833877705
0 0.8564090550239317 0.7665202634819692 0.01840909550975252 0.019820011588967058
0 0.8999772477303458 0.76652026348197 0.05400001349527315 0.02140561251608432
0 0.5440680678751346 0.8049710859645657 0.05277274046128994 0.03329761946946448
0 0.6023635369893502 0.8081422878188005 0.05154546742730652 0.025369614833877847
0 0.6575908235186071 0.8065566868916829 0.04050001012145501 0.017441610198290932
0 0.6947158327966076 0.8085386880505797 0.021477278094711068 0.022991213443201843
0 0.7631363044411863 0.8045746857327855 0.09450002361672921 0.01982001158896682
0 0.8281817752423117 0.8049710859645657 0.01227273033983508 0.019027211125408172
0 0.8634658749693369 0.8049710859645657 0.04111364663844683 0.020612812052525412
0 0.9027386120568083 0.800610683414993 0.02270455112869428 0.02616241529743632
0 0.9364886204913545 0.8061602866599037 0.034977281468529214 0.018234410661849693
0 0.5428407948411512 0.8461967100696168 0.07118183597104227 0.022198412979642937
0 0.6259885428935325 0.8454039096060582 0.06934092642006703 0.033297619469464336
0 0.6726249181849048 0.8446111091424992 0.011659093822843249 0.017441610198290925
0 0.6950226510551036 0.8434219084471615 0.011045457305851443 0.02140561251608432
0 0.7315340238161121 0.8450075093742788 0.036204554502512705 0.024576814370319083
0 0.7947385850662616 0.8454039096060582 0.06811365338608354 0.022198412979642798
0 0.8916931547509553 0.8434219084471607 0.10615911743957121 0.02933361715166976
0 0.5385453392222089 0.8882151346382267 0.06136365169917433 0.026955215760994945
0 0.5919317162004906 0.8866295337111092 0.03190909888357048 0.017441610198290648
0 0.648386275763731 0.8846475325522127 0.06136365169917433 0.019820011588966794
0 0.7238635673537149 0.8854403330157706 0.07609092810697592 0.02616241529743571
