0 0.31443961008561816 0.25740305815104514 0.210384549243542 0.030126417615229675
0 0.46966929101396127 0.2609706602370591 0.022744275593896503 0.01823441066184955
0 0.587939524102222 0.2474930523565615 0.17285649451361304 0.03726162178725755
0 0.2951069758308062 0.3049710859645656 0.04207690984870837 0.02061281205252559
0 0.45317969120838564 0.29387187947474397 0.19446355632781395 0.03964002317793402
0 0.2888523000424841 0.4437111670873336 0.1796797771917814 0.03805442225081692
0 0.43839591207235373 0.43062995943861565 0.053449047645656694 0.027748016224553636
0 0.518000876650991 0.4270623573526017 0.04890019252687728 0.04122562410505118
0 0.5850964896529857 0.42468395596192565 0.04890019252687722 0.038054422250816414
0 0.7477180601493448 0.4088279466907515 0.24450096263438753 0.03488322039658054
0 0.3684572646211216 0.4734411844707839 0.02274427559389639 0.021405612516084537
0 0.4315726293941838 0.4659095800669754 0.04435133740809879 0.02854081668811235
0 0.4952566010570937 0.4718555835436659 0.08529103347711116 0.045189626422844464
0 0.34798741658661525 0.5340904199330228 0.14101450868215779 0.03805442225081646
0 0.5322160488971757 0.5297300173834497 0.15466107403849547 0.03409041993302245
0 0.6971120469529256 0.5130812076487179 0.1159958055288719 0.02933361715167109
0 0.4264551673855566 0.5721448421838385 0.1978751976668983 0.033297619469464926
0 0.5646266416184789 0.5630276368529146 0.019332634254812006 0.018234410661849623
0 0.7147388605381952 0.5539104315219894 0.22175668704049062 0.03646882132369907
0 0.6965434400630781 0.5872080509914541 0.01705820669542234 0.014270408344056094
0 0.7431692050305655 0.5828476484418811 0.039802482289319624 0.019820011588967346
0 0.7983240733457642 0.5836404489054398 0.07278168190046833 0.04201842456861022
