0 0.4286724152054806 0.04698909530840931 0.012011820569042087 0.019690668510190565
0 0.4546070277977305 0.0957682513904723 0.019109714541657753 0.016110546962883186
0 0.8343443553326726 0.02685091160480532 0.015287771633325821 0.020585698897017404
0 0.2545010169543711 0.14969383219678967 0.043679347523789144 0.018348122929950285
0 0.3192010504739839 0.14969383219678956 0.05951311100116277 0.013872970995816055
0 0.38280910030550186 0.15014134739020307 0.044771331211883945 0.012082910222162402
0 0.44696314198106735 0.1485750442132561 0.0638810457535417 0.012530425415575799
0 0.5212180327715089 0.14454740747253536 0.06278906206544696 0.013425455802402689
0 0.5973838950161164 0.14320486189229498 0.06333505390949426 0.01253042541557583
0 0.6689088265863211 0.1409672859252279 0.06661100497377852 0.013425455802402684
0 0.2564119884085369 0.17676850139830166 0.04531732305593131 0.01432048618922952
0 0.3249339648364813 0.17475468302794128 0.0545991844047365 0.01118787983533558
0 0.38117112477335957 0.17184583427075395 0.04040339645950496 0.015215516576056234
0 0.43413233364595427 0.1709508038839272 0.03821942908331543 0.014320486189229485
0 0.4898235017387854 0.17162207667404733 0.05350720071664178 0.010292849448508718
0 0.5799121560066006 0.16759443993332654 0.08299076029519957 0.009397819061681856
0 0.6773717001690548 0.16468559117613932 0.09008865426781526 0.014320486189229488
0 0.24194320454128174 0.22353383911000424 0.0152877716333262 0.0165580621562966
0 0.2899904868174498 0.22733771825401836 0.0545991844047365 0.016110546962883207
0 0.3344888221073101 0.22487638469024454 0.02020169822975255 0.011187879835335543
0 0.39809687193882826 0.2230863239165908 0.08080679291901 0.011187879835335543
0 0.46689184428879615 0.2197299599659902 0.041495380147599764 0.010740364641922084
0 0.5239479919917458 0.2165973536120962 0.0496852578083102 0.015215516576056309
0 0.6085767278190874 0.21614983841868277 0.09336460533209942 0.01253042541557581
0 0.2953106086898984 0.24881620996189568 0.11759572337092149 0.016786294904937514
0 0.4122456819295226 0.2439427695056235 0.07927801575567742 0.013537334600756061
0 0.5034154000485516 0.2431305294295781 0.07795671549308274 0.015161814752846788
0 0.27086655383189795 0.29646762775655683 0.1096679217953539 0.015703308136876936
0 0.35609042076925107 0.29538464098849637 0.0290686057770818 0.010288374296574539
0 0.4211644587020364 0.29240642737633005 0.07729606536178552 0.012995841216725843
0 0.4902023974226054 0.29213568068431495 0.038317707615244105 0.013537334600756097
0 0.5830237408698778 0.28834522699610315 0.12089897402740803 0.010288374296574539
0 0.2635994023876275 0.32273005688202355 0.0449242089282172 0.016244801520907154
0 0.3171120630227097 0.3219178168059782 0.038317707615244105 0.014620321368816499
0 0.38185577588984626 0.3200225899618723 0.07002891391751512 0.017327788288967697
0 0.4604731415142264 0.317044376349706 0.07663541523048828 0.012454347832695483
0 0.5166284026744978 0.3156906428896304 0.011891702363351726 0.010829867680604864
0 0.6035038949400945 0.31108794912537335 0.14336107849151666 0.015703308136877005
0 0.2464224989738974 0.36956923460063934 0.03171120630227105 0.01895226844105835
0 0.2972925590837903 0.3684862478325789 0.043602908665622594 0.012454347832695518
0 0.35972399649138637 0.36929848790862424 0.06672566326102852 0.014078827984786244
0 0.4125760069951713 0.36632027429645786 0.019158853807622053 0.011371361064635082
0 0.49779987393252445 0.36361280737630675 0.11957767376481343 0.012454347832695589
0 0.5892999171172023 0.3600931003801101 0.05945851181675813 0.015161814752846751
0 0.24840444936778933 0.39393643688200014 0.017176903413730144 0.01245434783269554
0 0.28771313217997935 0.39529017034207586 0.04029965800913605 0.007580907376423411
0 0.35146586985017 0.3923119567299095 0.05945851181675813 0.013537334600756097
0 0.42876193521195544 0.39014598319378846 0.07795671549308274 0.012454347832695518
0 0.48822044702871353 0.3906874765778187 0.031711206302270936 0.017869281672997842
0 0.5423937577950931 0.3860847828135617 0.06738631339232574 0.012995841216725748
0 0.6101103962530675 0.3855432894295315 0.05087006010989299 0.0119128544486653
0 0.23552177180749173 0.8562335065399711 0.07068956404881234 0.021118241977179365
0 0.30786296118454737 0.8546090263878804 0.05945851181675806 0.013537334600756169
0 0.37095504872344065 0.8513600660836989 0.06144046221064997 0.014620321368816462
0 0.28209760606395223 0.7560572304943766 0.07399281470529889 0.014620321368816462
0 0.35906334636008885 0.7563279771863921 0.05747656142286616 0.014078827984785847
0 0.4591518412516318 0.7506422966540742 0.10966792179535396 0.018952268441058493
0 0.5572583857492825 0.7484763231179531 0.06276176247324457 0.02003525520911893
0 0.29861385934638496 0.7314192815210007 0.10306142048238069 0.01949376182508871
0 0.4039875552883068 0.7314192815210003 0.07465346483659528 0.009746880912544198
0 0.46443704230201016 0.7262750943727135 0.04228160840302793 0.014620321368816951
0 0.5354569314164714 0.7238383741445773 0.08786646746254273 0.0184107750570284
0 0.6500797291965553 0.719235680380321 0.1202383238961109 0.02328421551330015
0 0.2758214298166277 0.6585884213689333 0.05879786168546072 0.025450189049421396
0 0.361045296753981 0.6591299147529636 0.09447296877551559 0.012454347832695589
0 0.42810128508065814 0.658317674676918 0.025104704989297844 0.009746880912544355
0 0.4750074444027672 0.6539857276046763 0.056815911291568925 0.017327788288967697
0 0.5585796860118772 0.6534442342206459 0.08522386693735327 0.01516181475284668
0 0.27350915435708734 0.6878290641065664 0.05020940997859599 0.023284215513300226
0 0.35212651998146727 0.6821433835742488 0.08059931601827203 0.017327788288967697
0 0.4515543647417129 0.6807896501141733 0.09315166851292096 0.01353733460075637
0 0.5222439287905252 0.6775406898099916 0.02180145433281119 0.012454347832695447
0 0.576086914491256 0.675916209657901 0.05549461102897432 0.018952268441058493
0 0.5780688648851481 0.45498690897356253 0.06870761365492037 0.021118241977179222
0 0.5658468374561477 0.4311612000762321 0.057476561422866154 0.02003525520911893
0 0.5037457251142003 0.435493147148474 0.046906159322109175 0.014620321368816533
0 0.2513773749586272 0.44199106775683694 0.028407955645784425 0.014620321368816462
0 0.29233768309906055 0.4414495743728067 0.03501445695875748 0.011371361064635082
0 0.3980417041066309 0.4395543475287012 0.1499675798044892 0.015161814752846668
0 0.25104704989297855 0.4671705101142431 0.019819503938919424 0.018410775057028275
0 0.29299833323035784 0.46744125680625825 0.04426355879691989 0.010288374296574502
0 0.3402348176181157 0.4639215498100617 0.025104704989297913 0.017327788288967697
0 0.4152186075203606 0.46283856304200127 0.09183036825032628 0.015161814752846912
0 0.5034154000485517 0.4617555762739407 0.06738631339232583 0.017327788288967697
0 0.25038639976168126 0.5131974477568135 0.021140804201513996 0.016244801520907258
0 0.2966319089524931 0.514280434524874 0.052852010503785005 0.014078827984786244
0 0.37557959964252186 0.5145511812168891 0.07861736562438011 0.01137136106463501
0 0.4789713451905511 0.5104899808366623 0.12023832389611072 0.010829867680604793
0 0.5886392669859049 0.5083240073005415 0.07531411496789353 0.010829867680604793
0 0.26426005251892476 0.5375646500381744 0.03435380682746022 0.015161814752846751
0 0.3223972640730883 0.5408136103423559 0.06342241260454204 0.015161814752846765
0 0.3973810539753333 0.5359401698860838 0.0799386658869748 0.011912854448665501
0 0.44924208928217213 0.5326912095819023 0.01585560315113554 0.01624480152090719
0 0.4812836206500917 0.534586436426008 0.031050556170973707 0.010288374296574573
0 0.5100219013615248 0.5343156897339929 0.009249101838162445 0.008663894144483777
0 0.553955135092796 0.5332327029659324 0.04954875984729838 0.0119128544486653
0 0.27450012955403313 0.5868405479849264 0.057476561422866154 0.015161814752846751
0 0.331316040845602 0.5865698012929113 0.032371856433568276 0.013537334600756097
0 0.38383772628373825 0.5854868145248507 0.042281608403027915 0.011371361064635082
0 0.44362656316614496 0.5854868145248509 0.06408306273583932 0.016786294904937406
0 0.5027547499172544 0.5827793476046994 0.04624550919081185 0.010288374296574455
0 0.5579190358805799 0.5776351604564123 0.0455848590595145 0.016244801520907258
0 0.627947949798095 0.5781766538404426 0.07597476509919084 0.014078827984786244
0 0.27615175488227645 0.6101247634982268 0.04888810971600105 0.017327788288967697
0 0.3524568450471159 0.6095832701141966 0.07729606536178543 0.011912854448665371
0 0.43173486080279333 0.6085002833461359 0.06276176247324465 0.010829867680604793
0 0.5149767773462547 0.6049805763499394 0.08390256667475861 0.011371361064635153
0 0.5668378126530936 0.6041683362738941 0.009249101838162375 0.00866389414448399
0 0.6044948701370404 0.6036268428898639 0.04492420892821727 0.009746880912544427
0 0.647106803605717 0.6020023627377732 0.023122754595405935 0.012995841216725807
0 0.7187873428514755 0.6011901226617278 0.10174012021978612 0.014620321368816533
