0 0.21979887394521125 0.04943834596196094 0.15404707404707108 0.042886276015195034
0 0.4569750092920736 0.0690945558022587 0.2770968709993048 0.03573856334599586
0 0.10849046983193122 0.095600656950539 0.13244291122339658 0.029186493399229966
0 0.2418726924824438 0.10632222595433731 0.12117117409800122 0.016082353505698133
0 0.3710280137109325 0.10632222595433755 0.15028982833860524 0.03990806240302887
0 0.5246054320444461 0.1024505482585214 0.1474718940572579 0.029782136121663493
0 0.6617449004034229 0.1069178686767711 0.12117117409799975 0.04348191873762839
0 0.8021719587573095 0.09977015600757186 0.12774635408781507 0.025612637064630378
0 0.9045569043129847 0.1048331191482546 0.05448006277274473 0.02501699434219713
0 0.10989943697260564 0.14384771746763345 0.1352608455047454 0.016082353505698137
0 0.2569016753163038 0.15129325149804862 0.13056428836916364 0.027399565231930042
0 0.3513024737414915 0.14295425338398354 0.03757245708465149 0.01072156900379877
0 0.42409910934300377 0.14027386113303378 0.08923458557604706 0.02323006617489729
0 0.5598296105613073 0.14563464563493325 0.1540470740470711 0.018464924395431195
0 0.7265573888744479 0.13789129024330074 0.1625008768911188 0.02203878073003063
0 0.8698023815096811 0.14027386113303386 0.11835323981665201 0.03871677695816217
0 0.14277533692167566 0.18613835076039514 0.212284382528281 0.0303777788440963
0 0.2756879038586304 0.18137320898092915 0.021604162823674677 0.011317211726232053
0 0.36774042371602633 0.1852448866767452 0.1418360254945594 0.021443138007597493
0 0.05025316135072139 0.22157909274517432 0.03475452280330263 0.014295425338398388
0 0.10802081411837307 0.21800523641057495 0.05072281706427953 0.02501699434219713
0 0.2066485139655832 0.2328963044714065 0.12211048552511729 0.03097342156652981
0 0.3320465894856074 0.22962026949802347 0.10426356840990746 0.041099347847895415
0 0.5142730063461656 0.22664205588585712 0.23952441391465265 0.03276034973382953
0 0.6964994232067272 0.22187691410639115 0.11365668268107079 0.012508497171098582
0 0.8298816458572389 0.22485512771855728 0.13620015693186216 0.03752549151329555
0 0.9201585286951152 0.2221747354676075 0.05072281706427994 0.014295425338398313
0 0.08041411285315447 0.2677414037337526 0.0732662913150704 0.026803922509496928
0 0.134424519912341 0.26208279787063654 0.01784691711520944 0.01310413989353183
0 0.1823294026952712 0.2626784405930697 0.042269014220232944 0.027399565231930417
0 0.26686743113573663 0.26744358237253585 0.11741392838953559 0.023825708897330548
0 0.42420209517771335 0.2671457610113166 0.1709546797351642 0.051820916851693974
0 0.5923388406315312 0.2701239746234856 0.12962497694204772 0.044673204182494854
0 0.758127307517556 0.2689326891786191 0.1681367454538156 0.04943834596196101
0 0.8872826287460437 0.2713152600683518 0.10520287983702378 0.03633420606842923
0 0.09544309568701502 0.30169303891244864 0.10332425698279155 0.027995207954363496
0 0.22882531833752787 0.2975235398554157 0.13713946835897797 0.027995207954363423
0 0.0666911113252563 0.33743160225844454 0.03945107993888403 0.026803922509496876
0 0.1479415497708149 0.3490466353458922 0.12117117409800056 0.04765141779466053
0 0.23717613534686258 0.3553008839314424 0.07796284845065184 0.03156906428896299
0 0.3376824580483053 0.3463662430949435 0.08547733986758217 0.011317211726232089
0 0.463080533568329 0.34547277901129353 0.12211048552511729 0.042886276015195166
0 0.5518454634308189 0.34666406445616005 0.023482785677907313 0.011912854448665265
0 0.6453069504288875 0.3523226703192758 0.16344018831823307 0.03037777884409669
0 0.6114917390527033 0.3207536060303131 0.04884419421004718 0.018464924395431095
0 0.7622512231048667 0.338622887703311 0.02160416282367449 0.023230066174897313
0 0.8214278430131935 0.33832506634209425 0.07044835703372164 0.021443138007597534
0 0.9050265600265416 0.3475575285398096 0.07420560274218423 0.02203878073003129
0 0.128685665514931 0.39074162591622147 0.17846917115209412 0.030973421566530112
0 0.3066851809534668 0.39580458905690413 0.1531077626199543 0.036334206068429464
0 0.45086948501581786 0.3770418433002565 0.10896012554548927 0.02501699434219693
0 0.5546633977121673 0.3782331287451228 0.07232697988795399 0.023825708897330558
0 0.6575179989814004 0.3898481618325716 0.10332425698279152 0.02203878073003068
0 0.7594332888235182 0.385678662775539 0.07984147130488436 0.017273638950564794
0 0.8312906129979144 0.38389173460823917 0.03193658852195398 0.011317211726232018
0 0.8904672329062407 0.38329609188580593 0.07514491416930312 0.011317211726232018
0 0.11083874839972191 0.42975622423560034 0.1427753369216757 0.022038780730030818
0 0.25455339674851385 0.4226085115664012 0.1221104855251172 0.024421351619763797
0 0.3982680450973055 0.4291605815131669 0.137139468358977 0.022038780730031574
0 0.49501712209028353 0.42528890381735107 0.028179342813488616 0.010721569003798805
0 0.5678137576917958 0.43481918737628333 0.0817200941591171 0.03097342156652971
0 0.666911113252564 0.43124533104168367 0.09768838842009402 0.02620827978706366
0 0.7340718802913787 0.4249910824561345 0.019725539969441996 0.011317211726232018
0 0.7965360901946119 0.4300540455968172 0.10520287983702431 0.02144313800759747
0 0.9017389700316361 0.4249910824561345 0.08265940558623314 0.011317211726232018
0 0.09158286414383802 0.4663882516652464 0.1117780598268382 0.01667799622813142
0 0.2550230524620719 0.4657926089428126 0.1963160882673042 0.04407756146006106
0 0.43114394504637593 0.4625165739694299 0.14089671406744303 0.03633420606842924
0 0.5396344148783063 0.47502507114052844 0.06856973417948718 0.03395163517869646
0 0.6208848533238653 0.45804925355117904 0.07138766846083897 0.021443138007597503
0 0.6889849317897969 0.4637078594142967 0.030997277094837444 0.01250849717109851
0 0.7528581088337043 0.4646013234979464 0.07796284845065166 0.013104139893531788
0 0.8604092672385193 0.4651969662203798 0.11835323981665212 0.01429542533839836
0 0.07138766846083781 0.5012333509275922 0.07326629131507038 0.01846492439543107
0 0.13479118979118723 0.5051050286234084 0.03287589994907003 0.010721569003798398
0 0.1953767768401878 0.5068919567907084 0.07702353702353555 0.010721569003798663
0 0.3019886238178865 0.5080832422355746 0.10989943697260562 0.02025185256273089
0 0.405782536514236 0.5119549199313909 0.08265940558623296 0.04943834596196152
0 0.5034709249343298 0.5030202790948921 0.09205251985739576 0.038716776958162065
0 0.6002200019273077 0.5042115645397587 0.06763042275237253 0.01250849717109851
0 0.7177369161515555 0.5059984927070582 0.13620015693186163 0.025612637064630003
0 0.8229397959885797 0.49051178192379363 0.17565123687074588 0.01965620984029769
0 0.8741322687664157 0.5116570985701702 0.14841120548437314 0.02978213612166307
0 0.11835323981665223 0.529824201604389 0.16907605688093175 0.020847495285164185
0 0.06950904560660522 0.5470978405549535 0.05448006277274462 0.01369978261596454
0 0.18457469542835003 0.5503738755283364 0.14935051691148954 0.03692984879086211
0 0.09440079842518691 0.5670518717564681 0.02348278567790718 0.017869281672998057
0 0.3052762138127933 0.5619889086157851 0.1258677312335829 0.025612637064629514
0 0.1671974340266992 0.5649671222279516 0.11647461696241965 0.014891068060831642
0 0.08500768415402404 0.5876015456804156 0.07984147130488448 0.039908062403028646
0 0.16156156546400147 0.5828364039009494 0.054480062772744635 0.014891068060831568
0 0.21651128395030425 0.583432046623383 0.01972553996944203 0.014891068060831571
0 0.29635275525518845 0.5938557942659647 0.12680704266069848 0.029782136121663565
0 0.38605699654479425 0.5858146175131159 0.022543474250790965 0.013699782615965219
0 0.4349011907548408 0.5798581902887832 0.058237308481209935 0.02561263706463044
0 0.5570116762799564 0.5884950097640652 0.15592569690130317 0.03573856334599594
0 0.7674174359540069 0.5822407611785162 0.1390180912132105 0.02323006617489731
0 0.06246420990323312 0.6194684313305955 0.04226901422023292 0.02144313800759754
0 0.22355611965367608 0.6361464275587262 0.2479782167586998 0.0333559924562637
0 0.4325529121870501 0.6281052508058775 0.1268070426606993 0.041099347847894846
0 0.5762675605358422 0.630785643056827 0.13244291122339638 0.03931241968059544
0 0.6706683589610293 0.6233401090264113 0.04132970279311695 0.023230066174897375
0 0.7218608317388671 0.616490217718429 0.02911865424060494 0.029782136121663284
0 0.8115650730284725 0.6197662526918121 0.13901809121321038 0.02203878073003082
0 0.9139500185841472 0.6209575381366786 0.043208325647348785 0.023230066174897212
0 0.0976883884200939 0.6677154918476899 0.09393114271162877 0.029782136121663142
0 0.2799148052806533 0.6727784549883725 0.2291919882163739 0.03037777884409689
0 0.4203418636345387 0.6650350995967402 0.017846917115209422 0.011317211726232018
0 0.4579143207191902 0.6584830296499743 0.029118654240605012 0.022038780730030964
0 0.5386951034511909 0.6581852082887575 0.11929255124376842 0.022634423452464036
0 0.6453069504288895 0.6739697404332392 0.0807807827320007 0.03276034973382963
0 0.7434649945625416 0.6724806336271559 0.09674907699297748 0.029782136121663142
0 0.8176705973047282 0.66503509959674 0.034754522803302594 0.016082353505698137
0 0.8895279214791242 0.6698002413762063 0.09393114271162872 0.029186493399230073
0 0.13432153407762912 0.7019649483876026 0.17846917115209465 0.03276034973382963
0 0.32312313092800177 0.7088148396955849 0.16907605688093136 0.02859085067679759
0 0.4926688435224928 0.710601767862885 0.14183602549455948 0.030973421566529852
0 0.11130840411328002 0.7231102650339818 0.04226901422023292 0.020251852562730977
0 0.18551400685546643 0.7269819427297987 0.09862769984721 0.02680392250949729
0 0.2911865424060491 0.7201320514218168 0.09956701127432653 0.02382570889733058
0 0.08641665129469846 0.7380013330948151 0.08265940558623329 0.030973421566529852
0 0.16766708974025712 0.739788261262115 0.04978350563716349 0.022634423452463897
0 0.2324795782112811 0.7403839039845481 0.06481248847102393 0.019060567117864458
0 0.31279070522972346 0.7469359739313128 0.06387317704390798 0.01310413989353418
0 0.42738669933790985 0.7484250807373966 0.14465395977590806 0.033951635178695774
0 0.5542967278333214 0.7481272593761805 0.07984147130488436 0.014295425338398398
0 0.67358927907709 0.7457446884864476 0.1343215340776293 0.03454727790112926
0 0.7670507660751604 0.7573597215738956 0.022543474250790622 0.035142920623563514
0 0.8285756645512775 0.7451490457640142 0.07608422559641922 0.013104139893531794
0 0.8933881530223013 0.7549771506841629 0.0403903913660004 0.029186493399230167
0 0.09779137425480582 0.792204820836242 0.0911132084302799 0.025016994342197164
0 0.2330522197595512 0.7844614654446097 0.14371464834879194 0.013104139893531794
0 0.32839232961185433 0.7776115741366267 0.02630071995925598 0.032760349733829616
0 0.42561106231838863 0.7951830344484079 0.14559327120302404 0.03216470701139725
0 0.529874630728298 0.785057108167043 0.042269014220233034 0.013104139893531794
0 0.5909298734908566 0.7895244285852924 0.07232697988795406 0.020847495285164403
0 0.6510458048262991 0.785950572250693 0.03287589994907016 0.013699782615965148
0 0.7322962432718554 0.793098284919891 0.12023186267088457 0.029186493399232225
0 0.8234094517021379 0.7862483936119095 0.03945107993888414 0.015486710783264926
0 0.8783591701884406 0.7829723586385264 0.06293386561679117 0.022038780730030818
0 0.06997870132016343 0.8178174579008726 0.02536140853213977 0.023825708897330742
0 0.15498638547418744 0.8303259550719713 0.12211048552511737 0.02620827978706373
0 0.27427893671795595 0.8240717064864219 0.08829527414893096 0.012508497171098582
0 0.34942385088725897 0.8255608132925051 0.04884419421004694 0.011912854448665229
0 0.40860047079558504 0.8255608132925051 0.052601439918512086 0.013104139893531937
0 0.5349378577427256 0.8327085259617039 0.15874363118265253 0.027399565231930257
0 0.6415497047204244 0.8258586346537217 0.02442209710502354 0.012508497171098441
0 0.7166946188897273 0.8362823822963037 0.11271737125395447 0.03454727790112955
0 0.8326995801385888 0.8309215977944043 0.09674907699297762 0.02620827978706373
0 0.06058558704900054 0.8678514465852669 0.03475452280330264 0.008338998114065674
0 0.16203122117755903 0.8630863048057925 0.13620015693186174 0.03812113423572891
0 0.3517721294550492 0.8681492679464824 0.22825267678925765 0.04467320418249392
0 0.5593599548477488 0.8708296601974324 0.173772614016514 0.04646013234979304
0 0.6720773261017037 0.8610015552772837 0.0422690142202329 0.027995207954363627
0 0.7406470602811926 0.8711274815586496 0.0873559627218147 0.025612637064630336
0 0.8467892515453331 0.8687449106689153 0.09862769984721029 0.04586448962736136
0 0.9214645100010774 0.8580233416651174 0.041329702793116437 0.026803922509497115
0 0.14888086119793156 0.9023987244863964 0.18316572828767605 0.0238257088973306
0 0.10238494555567534 0.9416270132015399 0.11083874839972191 0.03931241968059538
0 0.17659054829786208 0.9410313704791067 0.015028982833860631 0.011912854448665086
0 0.2785058381399793 0.9371596927832904 0.13807877978609429 0.019656209840297548
0 0.42879566647858525 0.9446052268137062 0.12492841980646624 0.033355992456262695
0 0.6491671819720664 0.9449030481749228 0.2733396252908392 0.03156906428896373
0 0.8196522059936727 0.9434139413688398 0.0263007199592559 0.013104139893531794
0 0.8976150544443245 0.9428182986464065 0.09956701127432652 0.044077561460061504
0 0.9070081687154873 0.034547277901129346 0.067630422752372 0.019060567117864483
0 0.9027812672934643 0.06998801988590862 0.02536140853213965 0.025612637064630385
