0 0.34737295283199443 0.03144993574447638 0.07972493999422817 0.03538117771253593
0 0.5052697495738099 0.03046712525246149 0.1470252140153299 0.020311416834974325
0 0.40483703295770435 0.05765821553154003 0.29612120569284756 0.0301395217551232
0 0.20604237738768036 0.08452170231328023 0.1863699895968968 0.035381177712535836
0 0.3365013701055088 0.1205580870204928 0.09111421713626075 0.019656209840297745
0 0.3944831446467655 0.1421799178448203 0.05798177454125693 0.01834579585094455
0 0.5042343607427162 0.14480074582352667 0.07868955116313436 0.015724967872238177
0 0.6269279372273401 0.14545595281820328 0.12114049323798305 0.011793725904178647
0 0.17601610128595843 0.17428506058397325 0.16566221297501968 0.01703538186159142
0 0.324076704132382 0.19951052987902204 0.16773299063720726 0.020311416834974234
0 0.4374517811371614 0.22670162015810058 0.1087158272648567 0.022277037819004128
0 0.5673930794394423 0.22506360267140912 0.09525577246063634 0.016380174866914815
0 0.20345390530994614 0.26929007481207906 0.036238609088285544 0.018345795850944598
0 0.31631128789917823 0.2673244538280493 0.14184826985986054 0.020966623829650928
0 0.4348633090594257 0.29975720006454054 0.1490959916775172 0.02686348678174018
0 0.587065467230226 0.3004124070592172 0.12217588206907706 0.015069760877561577
0 0.13977749219767283 0.31875820291016166 0.09111421713626058 0.0255530727923871
0 0.25418795803354594 0.35020813865463807 0.20397159972549292 0.02686348678174028
0 0.440557947630443 0.3515185526439913 0.12114049323798312 0.01769058885626798
0 0.4954335556784183 0.37543360794968694 0.13149438154892187 0.019656209840297763
0 0.06730027402110184 0.4032799052234417 0.053840219216881396 0.030794728749799535
0 0.17187454596158297 0.40098668074207394 0.09111421713626083 0.022277037819004093
0 0.3111343437437089 0.3996762667527207 0.14391904752204826 0.0117937259041787
0 0.24952870829362347 0.4271949605291375 0.04348633090594266 0.024897865797710424
0 0.38827081166020244 0.42064289058237164 0.1760161012859584 0.014414553882885033
0 0.5549684134663159 0.4235913220584163 0.08283110648750991 0.009828104920148845
0 0.12994129830228082 0.4560240682949075 0.1791222677792396 0.027518693776417327
0 0.18429921193470927 0.4766630886272199 0.024849331946252984 0.012448932898855314
0 0.32355900971683527 0.47862870961125 0.19154693375236648 0.01769058885626798
0 0.12994129830228102 0.4989401264462242 0.17083915713048894 0.02555307279238702
0 0.23710404232049684 0.5261312167253028 0.14495443635314215 0.02620827978706359
0 0.3292536482878515 0.5470978405549538 0.13252977038001568 0.015724967872238264
0 0.4441818085392714 0.55168428951769 0.026920109608440653 0.009172897925472228
0 0.5585922743751446 0.5520118930150283 0.1252820485623587 0.021621830824327462
0 0.09473807804508937 0.5798581902887832 0.08593727298079147 0.020966623829650602
0 0.19568848907674194 0.6018076246104491 0.12424665973126471 0.011138518909502152
0 0.2836965397197211 0.6270330939054979 0.09732655012282411 0.022277037819003868
0 0.4126024491909082 0.6309643358735575 0.09422038362954246 0.018345795850944455
0 0.10302118869384033 0.6496377352218403 0.11906971557579535 0.021621830824327476
0 0.203453905309946 0.678139239490272 0.1190697155757954 0.018345795850944455
0 0.10457427194048115 0.720072487149574 0.130458992717828 0.02620827978706373
0 0.21846704336080713 0.7253141431069866 0.022778554284065215 0.015724967872238267
0 0.29560351127730067 0.7318662130537525 0.11078660492704437 0.0235874518083574
0 0.36445686854504317 0.7534880438780798 0.10353888310938734 0.015724967872237976
0 0.4949158612628712 0.7528328368834035 0.08904343947407306 0.018345795850944455
0 0.07059469302912767 0.7778252645323914 0.03576797780142466 0.016677996228131476
0 0.16377968782757624 0.7778252645323921 0.08659615678239663 0.014295425338398218
0 0.23625690600414706 0.8034379015970221 0.16377968782757604 0.02739956523192971
0 0.44662909123094735 0.8013531520685052 0.1722510509910714 0.019656209840298016
0 0.0715359556028494 0.8245832182434033 0.03388545265398131 0.02084749528516421
0 0.19907703434213986 0.8299440027453022 0.20237145335016588 0.023230066174896823
0 0.32614748179456937 0.855556639809933 0.11765782171521261 0.02203878073003098
0 0.4282744710433747 0.8600239602281826 0.047063128686085136 0.02144313800759747
0 0.5355784044476487 0.8576413893384494 0.129894235173595 0.02382570889733044
0 0.0762422684714579 0.8853387759315965 0.05459322927585874 0.0268039225094968
0 0.19060567117864471 0.8790845273460465 0.11577529656776939 0.03335599245626297
0 0.23107996184867774 0.9082710207452768 0.11389277142032579 0.025016994342197393
0 0.33038316337631757 0.9038037003270276 0.02447282691676424 0.012508497171098582
0 0.49651600763819753 0.9052928071331106 0.25319963233113785 0.03573856334599544
