0 0.0898403137818482 0.16927412455063234 0.016427943091537927 0.017425277527270955
0 0.11345548197593402 0.17580860362335893 0.026695407523749194 0.018047608867530655
0 0.16607623719101652 0.17611976929348877 0.06109141337165678 0.01991460288830968
0 0.10524151043016503 0.19945719455322666 0.058524547263603954 0.01431362082597257
0 0.1309101715106931 0.14624786496102424 0.05749780082038283 0.022403928249348386
0 0.3470402978087393 0.18763289908829284 0.055444307933940534 0.015558283506491868
0 0.2351249354976369 0.19292271548050013 0.1437445020509571 0.01866994020779035
0 0.2402586677137426 0.16709596485972344 0.06571177236615185 0.025515584950646753
0 0.3195748304525743 0.1664736335194638 0.06519839914454124 0.02053693422856938
0 0.4076183379587856 0.1627396454779057 0.0811129690144687 0.02053693422856938
0 0.2792750325561453 0.1412692142389468 0.02361516819408578 0.012446626805193529
0 0.32162832333901664 0.13909105454803794 0.02926227363180196 0.009334970103895177
0 0.36808859989477233 0.13660172918699923 0.048257082831392635 0.016802946187011294
0 0.43226025259609246 0.13691289485712907 0.06160478659326735 0.017425277527270976
0 0.45869897350903643 0.09490552938960084 0.011807584097042821 0.023026259589608068
0 0.21150976730355125 0.14375853959998555 0.0595512937068251 0.01493595216623225
0 0.2502694455351486 0.14095804856881694 0.013861076983485175 0.011824295464933859
0 0.7574821884863829 0.08557055928570566 0.021048302086033033 0.02053693422856936
0 0.7102518520982113 0.12726675908310406 0.12166945352170315 0.05040883856103391
0 0.8203704081336767 0.12602209640258472 0.04825708283139278 0.014313620825972588
0 0.5439189282963895 0.18452124238699436 0.014887823426706255 0.02551558495064676
0 0.6011600425059672 0.181720751355826 0.0913804334466802 0.04978650722077431
0 0.7238562424708911 0.17456394094283956 0.1232095731865347 0.030494235672724183
0 0.8472714665708581 0.17736443197400809 0.08470658156574246 0.01991460288830968
0 0.9255608828664686 0.17829792898439764 0.05647105437716192 0.018047608867530655
0 0.6740080042772937 0.21034799300777102 0.019508182421201354 0.012446626805193546
0 0.7384363435894195 0.21657130641036787 0.0867600744521853 0.02364859092986773
0 0.8393141816358944 0.20941449599738152 0.0913804334466799 0.016802946187011253
0 0.9142666719910363 0.20723633630647265 0.04004311128562378 0.013691289485712908
0 0.9448123786768647 0.21159265568829042 0.018994809199590748 0.013691289485712908
0 0.5459213854854587 0.23897523465971623 0.012834330540264177 0.026137916290906418
0 0.58827467626833 0.23617474362854765 0.04928382927461392 0.02676024763116615
0 0.6609169871262243 0.23928640032984602 0.04979720249622424 0.01680294618701126
0 0.7402331498650561 0.23773057197919684 0.07495249035514207 0.009957301444154859
0 0.5461780720962645 0.2700918016727004 0.015401196648317543 0.02987190433246407
0 0.5905848557655776 0.2719587956934792 0.06622514558776234 0.02862724165194527
0 0.6960830528065507 0.26946947033244084 0.12320957318652927 0.02364859092986749
0 0.7792495147074588 0.26511315095062266 0.024641914637306854 0.011201964124674219
0 0.8385441218034806 0.26853597332205115 0.07443911713353132 0.02800491031168539
0 0.5451513256530428 0.2962297179636067 0.015401196648316627 0.022403928249348417
0 0.5885313628791351 0.28969523889088 0.04466347028011923 0.024270922270127383
0 0.6978798590821848 0.29000640456100973 0.1350171572835773 0.01742527752727103
0 0.8121054008905354 0.2931180612623081 0.0759792367983629 0.03485055505454233
0 0.8803840393647413 0.29342922693243856 0.05544430793393702 0.026760247631166075
0 0.932234734747406 0.2987190433246452 0.04312335061528728 0.026137916290906418
0 0.5446379524314324 0.32672395363633067 0.013347703761874562 0.03485055505454195
0 0.5887880494899406 0.3208118059038638 0.066738518809373 0.019292271548049945
0 0.6955696795849373 0.3229899655947727 0.13142354473230364 0.02489325361038716
0 0.8213461188795247 0.32610162229607104 0.08521995478735335 0.0298719043324645
0 0.5420710863233795 0.3541065326077566 0.01129421087543236 0.027382578971425816
0 0.5844243771062495 0.349750213225939 0.059037920485217235 0.024893253610386915
0 0.6408954314834125 0.349439047555809 0.03644949873434996 0.0242709222701275
0 0.6924894402552738 0.3481943848752902 0.06160478659326759 0.021781596909088773
0 0.78951697913967 0.3516172072467178 0.10472813720855456 0.016180614846751595
0 0.5513118043123701 0.3814891115791824 0.014374450205095703 0.036095217735061295
0 0.6021357532518181 0.3733988041558065 0.08316646190090798 0.028627241651945464
0 0.704810397573932 0.3765104608571054 0.08932694056022843 0.03236122969350328
0 0.8008111900151025 0.3752657981765857 0.08419320834413199 0.014935952166232341
0 0.8780738598674919 0.3709094787947679 0.04055648450723439 0.019914602888309645
0 0.9345449142446535 0.3758881295168453 0.0467169631665611 0.023648590929867694
0 0.552338550755591 0.4066935308596995 0.012320957318653679 0.030494235672723972
0 0.6154834570136907 0.40264837714801205 0.10986186942465867 0.0248932536103871
0 0.7250886398275448 0.4035818741584012 0.08470658156574222 0.018047608867530197
0 0.8277632841496572 0.5460957510778671 0.10010777821405979 0.04667485051947569
0 0.8026079962907394 0.6229536715999373 0.15144510037511538 0.01618061484675166
0 0.770265483329274 0.7359068098570688 0.06930538491742581 0.019292271548050053
0 0.6483393431967657 0.7402631292388867 0.1324502911755249 0.0242709222701275
0 0.5567022231392809 0.7380849695479778 0.02926227363180173 0.03609521773506157
0 0.5975153942573205 0.7047902428440852 0.045176843501729375 0.025515584950646944
0 0.6793984231042047 0.7097688935661624 0.0929205531115116 0.019292271548050053
0 0.5510551177015652 0.7063460711947346 0.030289020075022783 0.02364859092986825
0 0.5546487302528383 0.677407663872659 0.032342512961465245 0.029249572992204945
0 0.6324247733268383 0.6798969892336979 0.09856765854922771 0.029249572992204806
0 0.553365297198812 0.6509585819116228 0.02258842175086464 0.02364859092986755
0 0.6216439356730166 0.6512697475817526 0.10986186942465999 0.02178159690908856
0 0.5567022231392807 0.6226425059298081 0.028235527188580842 0.02551558495064676
0 0.645002417256298 0.6251318312908467 0.13296366439713536 0.031738898353242936
0 0.7161046084493597 0.5958822582986413 0.08521995478735306 0.01929227154804998
0 0.7040403377415116 0.5681885136570857 0.08881356733862703 0.029871904332464682
0 0.696853112638963 0.5473404137583866 0.08470658156574135 0.03173889835324303
0 0.6965964260281584 0.5152903497350131 0.07289899746869978 0.024893253610386967
0 0.9163201648774789 0.4819956230311205 0.05031057571783528 0.025515584950646892
0 0.9147800452126469 0.42754163075839857 0.08213971545768971 0.02987190433246454
0 0.8262231644848258 0.42847512776878843 0.07957284934963768 0.02178159690908864
0 0.7068638904603698 0.4272304650882687 0.11294210875432363 0.019292271548050043
0 0.6003389469761796 0.43003095611943754 0.08162634223607695 0.03609521773506131
0 0.5484882515935117 0.43781009787268316 0.02002155564281189 0.029249572992204875
0 0.5492583114259274 0.46550384251423893 0.018481435977980208 0.0298719043324645
0 0.6116331578516107 0.4602140261220316 0.09908103177083831 0.021781596909088704
0 0.71174093606567 0.46114752313242113 0.07854610290641588 0.023648590929867767
0 0.8323836431441523 0.45679120375060334 0.12885667862425082 0.03360589237402297
0 0.8346938226413994 0.48884126777397685 0.08419320834413199 0.02053693422856931
0 0.7117409360656698 0.4860407767428082 0.15041835393189437 0.024893253610387092
0 0.5482315649827063 0.49195292447527544 0.018481435977980257 0.030494235672724225
0 0.5921249754304098 0.48292912004151 0.06314490625809797 0.021159265568829598
0 0.6041892461382574 0.5121786930337148 0.07597923679836292 0.023648590929867694
0 0.6029058130842311 0.5420505973661792 0.08470658156574264 0.026137916290906414
0 0.6052159925814786 0.5719225016986439 0.07905947612802648 0.033605892374022846
0 0.5490016248151222 0.5414282660259196 0.018994809199590748 0.026137916290906418
0 0.5502850578691485 0.5737894957194228 0.02053492886442257 0.02862724165194521
0 0.5515684909231752 0.5128010243739743 0.01899480919959025 0.031116567012983754
0 0.5561888499176699 0.5986827493298099 0.023101794972475248 0.02115926556882897
0 0.5785205850577294 0.5986827493298098 0.020534928864422427 0.016180614846751595
0 0.6005956335869835 0.59837158365968 0.021561675307643635 0.019292271548049852
0 0.6234407419486536 0.5989939149999397 0.01899480919959068 0.019292271548049796
0 0.6467992235319341 0.5977492523194207 0.02156167530764357 0.02053693422856941
