0 0.8747576097595853 0.08177934981723631 0.08357120469120559 0.05381608826682647
0 0.17467751800210984 0.13031935099907982 0.12193175766421784 0.04748478376484691
0 0.3390798878864485 0.12662609003959172 0.14385207364879637 0.023214783173925148
0 0.5164974453866307 0.12873652487358492 0.131521895907471 0.03165652250989792
0 0.678159775772897 0.10815978524215128 0.14248205389976018 0.04326391409686054
0 0.18769270561795331 0.1878287002253944 0.1205617379151817 0.048540001181843484
0 0.35483511500036435 0.18255261314041135 0.12878185640939868 0.05276087084982981
0 0.6034936994504264 0.16250348221747604 0.2808540485524118 0.018993913505938754
0 0.2671538510620503 0.22634413594577027 0.26030375231686953 0.03271173992689464
0 0.3788104606084967 0.275411745836112 0.18221262662180857 0.04009826184587066
0 0.5986986303287999 0.275411745836112 0.20002288335927865 0.04009826184587073
0 0.8199568197981388 0.24903131041119708 0.16577238963337493 0.04431913151385711
0 0.38634556922819585 0.32289652960095894 0.18358264637084473 0.03587739217788432
0 0.591163521709101 0.3102339205969997 0.13837199465265165 0.023214783173925148
0 0.7946114544409701 0.30020935513553204 0.2055029623554232 0.047484783764846876
0 0.211668051226086 0.40362066200119856 0.17947258712373634 0.05803695793481289
0 0.4356662801934975 0.37460218303379217 0.22194319934385695 0.04431913151385717
0 0.6048637191994627 0.4722097941059775 0.1383719946526517 0.05381608826682637
0 0.37059034211428005 0.7776952363264924 0.1712524686295194 0.046429566347850365
0 0.5363627317476549 0.7713639318245129 0.056170809710482245 0.02954608767590486
0 0.6199339364388603 0.7681982795735232 0.04795069121626554 0.023214783173925325
0 0.7569359113424754 0.7507871921930787 0.20961302160253267 0.045374348930853285
0 0.34387495700807497 0.7212411045171746 0.14248205389976018 0.043263914096860534
0 0.5329376823750644 0.7075232780962191 0.1726224883785556 0.043263914096860534
0 0.7069301905026564 0.7106889303472086 0.11234161942096463 0.03271173992689455
0 0.6569244696628366 0.6690078423758429 0.03151045422783156 0.03165652250989808
0 0.7754311779544639 0.6821980600883003 0.1808426068727725 0.03904304442887408
0 0.3870305791027139 0.5360504478342715 0.18495266611988087 0.04642956634784982
0 0.20276292285735106 0.5513511003807224 0.06302090845566316 0.04115347926286735
0 0.23084832771259223 0.6046395799390504 0.07535108619698856 0.04009826184587063
0 0.3808654902320512 0.5925045796435892 0.17262248837855554 0.03482217476088745
0 0.5541729884851246 0.5914493622265925 0.12193175766421752 0.02638043542491492
0 0.7007651016319935 0.5919769709350914 0.1054915206757839 0.02110434833993189
0 0.4329262406954249 0.6173021889430094 0.10686154042482059 0.02954608767590478
0 0.5884234822110288 0.6215230586109961 0.12467179716229033 0.029546087675904716
0 0.5808883735913298 0.5318295781662853 0.12604181691132638 0.02743565284191149
0 0.4390913295660879 0.4753754463569671 0.16303235013530248 0.04537434893085372
0 0.23564339683421878 0.4864552292354315 0.18358264637084487 0.05909217535180943
0 0.2609887621913876 0.6584556682058769 0.047950691216265405 0.027435652841911427
0 0.4068958654637383 0.6552900159548863 0.19454280436313373 0.04220869667986435
0 0.5699282155990403 0.6426274069509293 0.1068615404248207 0.03376695734389125
0 0.7603609607150663 0.5613756658421899 0.238383436332291 0.023214783173925113
0 0.7644710199621747 0.5239154475388108 0.18358264637084468 0.034822174760887815
0 0.7014501115065116 0.4906760989034179 0.04658067146722942 0.02532521800791841
0 0.8110516914294041 0.489093272777923 0.1397420144016877 0.03271173992689448
0 0.748715792848259 0.6399893634084364 0.17125246862951937 0.041153479262867144
