0 0.3406123946667051 0.10306406026262784 0.17823629058862 0.039640023177933796
0 0.5374557705365547 0.11138846512999391 0.17627765003270107 0.02457681437031894
0 0.29948094299240824 0.1740197017511293 0.08422154390451275 0.02299121344320163
0 0.40475787287304926 0.17283050105579129 0.06757309917920203 0.019027211125408207
0 0.4904483971945011 0.17877650453248134 0.0744283411249183 0.019820011588966863
0 0.5761389215159531 0.17600170291002598 0.07540766140287779 0.022198412979642937
0 0.27401861576546255 0.19899291635322758 0.02154504611510788 0.014270408344056164
0 0.347957296751401 0.20335331890280028 0.08520086418247218 0.015063208807614857
0 0.42728223926611625 0.20493891982991763 0.02056572583714843 0.01189200695338007
0 0.4997519398351159 0.20652452075703498 0.08715950473839122 0.016648809734732168
0 0.6109047913835135 0.2057317202934763 0.09989066835186414 0.018234410661849516
0 0.294584341602611 0.2235697307235465 0.06659377890124261 0.01744161019829086
0 0.3704816631444684 0.22832653350489857 0.034276209728580795 0.011099206489821468
0 0.44442034413040654 0.2330833362862505 0.08813882501635045 0.015856009271173338
0 0.3366951135548673 0.25171414717987944 0.1429807605820799 0.02457681437031894
0 0.5022002405300146 0.2568673501930109 0.12927027669064756 0.019027211125408207
0 0.606497850132696 0.26439895459681834 0.04406941250817532 0.01823441066184955
0 0.6828848318135329 0.2632097539014802 0.069531739735121 0.026955215760994976
0 0.288708419934854 0.2715341587688452 0.060717857233486466 0.0277480162245535
0 0.3474676366124212 0.2790657631726538 0.03329688945062137 0.015856009271173473
0 0.4218959777373395 0.28461536641756446 0.080304262792675 0.019027211125408165
0 0.553124894983905 0.28937216919891645 0.1449394011379984 0.019027211125407954
0 0.305356864660165 0.3072101796289868 0.06463513834532378 0.030919218078788297
0 0.42728223926611647 0.3139489835692355 0.12241503474493136 0.02378401390676025
0 0.5257039272010412 0.31394898356923556 0.015669124447351166 0.012684807416938816
0 0.6442016808341348 0.32148058797304296 0.17431900947678217 0.03250481900590572
0 0.7832651603043768 0.33059779330396766 0.07638698168083721 0.01902721112540824
0 0.2965429821585297 0.33178699399930506 0.03917281111837823 0.015063208807614865
0 0.3504055974462996 0.33812939770777517 0.02937960833878357 0.013477607880497473
0 0.41357175537468416 0.3401113988666716 0.057779896399607386 0.015856009271173296
0 0.49877261955715646 0.3452646018798032 0.07344902084695874 0.027748016224553636
0 0.56340775790248 0.342886200489127 0.020565725837148167 0.016648809734732165
0 0.6657467269492399 0.3523998060518304 0.1508153228057546 0.021405612516085616
0 0.35255530006540153 0.3642918130052111 0.1625671661412685 0.027748016224553137
0 0.5033706228711575 0.3749946192632535 0.08813882501635056 0.019027211125408172
0 0.652227305120994 0.3841118245941783 0.158649885029431 0.021405612516084176
0 0.3285619532553956 0.40868863896449725 0.11458047252125567 0.021405612516084176
0 0.4446114061935906 0.41622024336830465 0.06855241945716159 0.015856009271173477
0 0.5680057612164814 0.4245446482356708 0.11947707391105297 0.02299121344320163
0 0.7031519595748855 0.4392114568115062 0.11164251168737735 0.026955215760995018
0 0.3104445281131456 0.437229455652609 0.0665937789012424 0.02140561251608422
0 0.45636324952910373 0.4459502607517548 0.17431900947678186 0.02457681437031892
0 0.6365581806736423 0.45863506816869376 0.13122891724656635 0.022991213443201618
0 0.2977133644996724 0.46101346955936734 0.0489660138979734 0.021405612516084197
0 0.36920374479071283 0.4701306748902946 0.0430900922302159 0.014270408344056164
0 0.4460803866105297 0.4772658790623227 0.061697177511445316 0.012684807416938781
0 0.5469503752403531 0.4840046830025714 0.08911814529430999 0.019820011588966794
0 0.35647258117724 0.5006534927373036 0.1723603689208633 0.026162415297436327
0 0.540095133294637 0.5105634985317872 0.13416687808044464 0.033297619469464405
0 0.6972760379071278 0.5264195078029593 0.13514619835840558 0.02536961483387743
0 0.3481483588145843 0.5315727108160917 0.145918721415958 0.032504819005905315
0 0.5405847934336167 0.5486179207826035 0.1684430878090256 0.03964002317793373
0 0.3584312217331589 0.5696271330669084 0.16060852558534988 0.034090419933022954
0 0.5606608591317852 0.5882579439605368 0.17333968919882248 0.03646882132369908
0 0.35892088187213855 0.6053031539270488 0.1557119241955526 0.03250481900590579
0 0.5675161010774998 0.6175915611122036 0.18313289197841928 0.02854081668811238
0 0.30848588755722633 0.6350331713104937 0.06267649778940601 0.023784013906760063
0 0.44803902716644856 0.650096380118114 0.16354648641922828 0.031712018542346954
0 0.5689850814944407 0.6572315842901421 0.0430900922302159 0.01744161019829079
0 0.6375375009516023 0.6627811875350528 0.0744283411249183 0.019027211125408314
0 0.7575042350016347 0.675465994951991 0.12829095641268773 0.034883220396581836
0 0.3628381629839765 0.6762587954155502 0.15767056475147145 0.0364688213236991
0 0.5415641137115761 0.6944932060773997 0.16060852558534974 0.03171201854234709
0 0.35598292103826024 0.7194664206794981 0.14396008086003928 0.027748016224553567
0 0.47545999494931324 0.7277908255468643 0.0362348502844997 0.014270408344056023
0 0.5601711989928057 0.7420612338909203 0.10184930890778275 0.03646882132369896
0 0.6654481288734465 0.7456288359769343 0.06757309917920211 0.019820011588966936
0 0.7462420518051013 0.7491964380629486 0.05484193556572919 0.02854081668811247
0 0.8167531118181798 0.7587100436256523 0.06659377890124246 0.020612812052524906
0 0.3667554440958143 0.7843582739120402 0.15962920530739055 0.026955215760994803
0 0.5391158130166775 0.7966466810971995 0.14787736197187698 0.027748016224553567
0 0.3599002021500979 0.8184486938450629 0.1322082375245257 0.0317120185423473
0 0.525894989264225 0.8350975035797955 0.1527739633616743 0.026955215760994945
0 0.6385168212295618 0.8414399072882648 0.02937960833878357 0.014270408344056164
0 0.7330212280526487 0.8505571126191895 0.1263323158567691 0.02933361715167095
0 0.8539672823806409 0.8600707181818936 0.09597338724002612 0.02774801622455385
0 0.3050582665843688 0.8493679119238515 0.0205657258371485 0.017441610198290932
0 0.4338388831360366 0.8640347204996869 0.18411221225637675 0.03567602086014048
0 0.5944474087213866 0.8798907297708607 0.08618018446043166 0.03567602086014048
0 0.7080485609646827 0.8822691311615365 0.09793202779594509 0.01823441066184955
0 0.331499914089274 0.8901971357971235 0.0793249425147155 0.02457681437031894
0 0.42257669993950286 0.9044675441411795 0.07932494251471553 0.03567602086014048
0 0.5694747416334205 0.9159631508627802 0.17529832975474172 0.03012641761522957
0 0.7388971497204053 0.919134352717015 0.12633231585676896 0.02378401390676018
0 0.8848120615804828 0.058988764044943826 0.017349256109421132 0.01966292134831461
