0 0.1395210590554531 0.07228239306426686 0.05381798273256621 0.03482217476088769
0 0.26340396270400146 0.06964434952177545 0.10052793000988768 0.014773043837952375
0 0.38220969817023176 0.0638406537282941 0.0538179827325661 0.036932609594880844
0 0.49999999999999944 0.06964434952177542 0.08225012455354445 0.027435652841911514
0 0.9339968136298716 0.05487130568382309 0.014216070910489122 0.023214783173925158
0 0.5953496958692902 0.07386521918976184 0.029447575457441814 0.01899391350593877
0 0.6699840681493585 0.08283456723423292 0.054833416369029636 0.020049130922935376
0 0.7771123167962589 0.08336217594273122 0.09240446091817972 0.029546087675904734
0 0.7354795377012551 0.1303193509990798 0.03554017727622309 0.020049130922935338
0 0.8339766004382156 0.1345402206670662 0.10255879728281471 0.020049130922935348
0 0.6293667226908177 0.1224052203716053 0.09748162910049726 0.025325218007918274
0 0.4917754649500121 0.12609848133109341 0.09646619546403365 0.028490870258908157
0 0.4008941544865277 0.12873652487358492 0.03655561091268645 0.018993913505938754
0 0.30087394129487177 0.1371782642095577 0.08021925728061753 0.04009826184587071
0 0.1724215862822374 0.11660152457812399 0.09748162910049712 0.03482217476088764
0 0.1485588958253449 0.16672435188546245 0.03554017727622293 0.03165652250989794
0 0.2297935867424259 0.18202500443191308 0.04366364636793108 0.02638043542491495
0 0.3470761717539616 0.17516609122143517 0.0995124963734243 0.02954608767590473
0 0.4420192167633 0.1809697870149165 0.031478442730368886 0.013717826420955745
0 0.5948419790510582 0.18413543926590623 0.2051175945656295 0.028490870258908
0 0.16886756855461513 0.2179023966097974 0.061941451824274234 0.034822174760887704
0 0.32067489720591025 0.2300373969052583 0.15840764728830792 0.03165652250989794
0 0.5161458722251363 0.23742391882423447 0.16957741728940653 0.033766957343891096
0 0.6801384045139932 0.24058957107522425 0.07717295637122668 0.027435652841911518
0 0.1602363826446753 0.2674976152086375 0.0507716818231756 0.032711739926894516
0 0.27904211811090623 0.28279826775508815 0.1056050981922052 0.03165652250989798
0 0.42272597767049325 0.280687832921095 0.1045896645557417 0.023214783173925113
0 0.5308696599538574 0.28279826775508815 0.04874081455024857 0.014773043837952393
0 0.6379979086007579 0.2817430503380916 0.06194145182427427 0.03376695734389113
0 0.7542650599758299 0.29018478967406436 0.09138902728171587 0.027435652841911528
0 0.14449716127949086 0.3250069644349521 0.02132410636573379 0.03165652250989794
0 0.24959454265346437 0.32922783410293843 0.09748162910049718 0.023214783173925113
0 0.3912475349401243 0.33239348635392824 0.07006492091598238 0.016883478671945507
0 0.5176690226798317 0.33081066022843325 0.11575943455684037 0.028490870258908126
0 0.6440905104195389 0.34083522568990104 0.06803405364305533 0.029546087675904786
0 0.7684811308863192 0.3323934863539283 0.08123469091708102 0.04854000118184352
0 0.2160852326501685 0.3809334875357717 0.15840764728830792 0.0590921753518095
0 0.42272597767049325 0.3798782701187751 0.11068226637452284 0.023214783173925183
0 0.5796104745041059 0.388320009454748 0.10966683273805934 0.03587739217788424
0 0.15820551537174826 0.42630783646662523 0.02843214182097829 0.031656522509897936
0 0.2739649499285887 0.4273630538836221 0.09545076182757015 0.027435652841911563
0 0.377539180847867 0.432639140968605 0.046709947277321646 0.016883478671945583
0 0.50853011995166 0.43474957580259826 0.16246938183416199 0.02110434833993196
0 0.15312834718943075 0.499645446947889 0.034524743639759416 0.04115347926286738
0 0.15719008173528476 0.5597928397166951 0.03858647818561344 0.03693260959488086
0 0.15972866582644354 0.612553710566525 0.04772538091378504 0.039043044428874296
0 0.16074409946290705 0.6621489291653644 0.04163277909500394 0.02849087025890794
0 0.17039071900931047 0.7059404519707237 0.06498775273366483 0.03165652250989808
0 0.18562222355626312 0.7623945837800419 0.07108035455244584 0.041153479262867165
0 0.16683670128168815 0.8357321942613055 0.037571044549149925 0.033766957343891166
0 0.16175953309937058 0.884799804151647 0.0274167081845148 0.03482217476088792
0 0.2978276403854812 0.8911311086536267 0.13099093910379303 0.028490870258908244
0 0.452173553127935 0.8847998041516473 0.06397231909720126 0.03271173992689441
0 0.6757710850664673 0.94723912915017 0.021324106365733966 0.025325218007918267
0 0.7762990150763551 0.9562084771946411 0.1411452754684281 0.034822174760887635
0 0.5930132436946911 0.8828708667133776 0.11372856728391327 0.02954608767590486
0 0.25741242684350035 0.8385517351995204 0.03350931000329591 0.016883478671945652
0 0.37063327730918205 0.8443554309930016 0.1238829036485486 0.028490870258908105
0 0.5102554023229149 0.8417173874505071 0.09240446091817973 0.02110434833993189
0 0.6026598632410946 0.8427726048675068 0.033509310003295954 0.02532521800791841
0 0.714357563252081 0.839606952616517 0.11474400092037698 0.021104348339932102
0 0.6473389432454891 0.5186393604538277 0.17973175365404168 0.030601305092901255
0 0.8291015641724574 0.5160013169113359 0.12896007183086547 0.033766957343891124
0 0.47268435777376494 0.5170565343283329 0.08225012455354452 0.048540001181843595
0 0.3635252418539373 0.5128356646603466 0.060926018187810696 0.018993913505938806
0 0.2569047100252686 0.5128356646603466 0.08529642546293502 0.046429566347850296
0 0.2670590463899036 0.5703450138866608 0.09545076182757048 0.04115347926286694
0 0.4224203927688211 0.5729830574291526 0.14622244365074585 0.027435652841911563
0 0.6559701291554285 0.5750934922631454 0.20511759456562959 0.031656522509897436
0 0.5706737036924939 0.6215230586109959 0.12794463819440263 0.02743565284191147
0 0.6783096691576261 0.6173021889430097 0.04264821273146751 0.02532521800791841
0 0.7976231214420888 0.6194126237770029 0.13302180637672098 0.025325218007918374
0 0.42343582640528465 0.6194126237770028 0.056864283641956705 0.021104348339932102
0 0.28838315275563753 0.6157193628175147 0.11169770001098638 0.028490870258908174
0 0.27873653320923414 0.676394364294819 0.08428099182647152 0.02110434833993196
0 0.3142767104854569 0.7191306696831812 0.10458966455574173 0.03904304442887404
0 0.2888908695738693 0.76608784473953 0.015231504546952657 0.027435652841911632
0 0.3564172063986928 0.7692534969905198 0.058895150914883704 0.01688347867194551
0 0.4833464109566319 0.7782228450349907 0.07514208909829996 0.034822174760887635
0 0.580828040057129 0.7692534969905196 0.020308672729270255 0.029546087675904716
0 0.6463235096090254 0.7692534969905194 0.0660031863701281 0.027435652841911327
0 0.726542766889643 0.780333279868984 0.07006492091598247 0.028490870258908244
0 0.8011771391697112 0.7692534969905199 0.020308672729270255 0.02743565284191149
0 0.8605800069028267 0.7713639318245131 0.06803405364305519 0.03165652250989794
0 0.8341787323547755 0.8098793675448889 0.07006492091598247 0.02638043542491502
0 0.897643334633745 0.8061861065854007 0.022339540002197397 0.02743565284191149
0 0.9433378482746028 0.8188487155893597 0.04467908000439465 0.03798782701187761
0 0.4777615259560825 0.7196582783916796 0.09443532819110664 0.03798782701187747
0 0.5762585886930434 0.720713495808676 0.03554017727622277 0.023214783173925172
0 0.684909987794639 0.7265171916021574 0.10255879728281471 0.03693260959488086
0 0.7976231214420889 0.7270448003106558 0.06194145182427434 0.029546087675904574
0 0.6732325009753086 0.6647869727078566 0.016246938183416118 0.01688347867194551
0 0.7519286078012308 0.6663697988333515 0.08631185909939859 0.026380435424915163
0 0.5701659868742621 0.660038494331372 0.1289600718308661 0.034822174760887635
0 0.41632779095004 0.6711182772098361 0.08326555819000803 0.02110434833993196
