0 0.2265942679310487 0.1611213564181981 0.14115708494065335 0.031569064288963035
0 0.35536915243831146 0.17273638950564674 0.0949302033226616 0.02978213612166314
0 0.48909691711893033 0.1703538186159136 0.14445900505622386 0.023825708897330558
0 0.21421206749765823 0.19358388479081107 0.1262984444205846 0.022634423452464105
0 0.31657159108035426 0.2043054537946098 0.03219372112681576 0.009530283558932205
0 0.4209948147352819 0.2075814887679928 0.13207680462283336 0.02084749528516419
0 0.5287199585057807 0.20341198971095992 0.05200524182024061 0.016082353505698137
0 0.16344504572075658 0.2221747354676078 0.021462480751210454 0.019060567117864514
0 0.2905689701702336 0.23617233944478883 0.18325656641418178 0.022038780730030808
0 0.46185607616547114 0.23885273169573917 0.1246474843627992 0.015486710783264926
0 0.22494330787326344 0.2686348678174024 0.1560157254607222 0.03812113423572896
0 0.37848259324730726 0.2742934736805185 0.09658116338044741 0.027995207954363405
0 0.2092591873243019 0.32432746236491256 0.12134556424722824 0.03156906428896304
0 0.33803407183156464 0.33117735367289525 0.10153404355380338 0.020251852562730974
0 0.46639621632438105 0.3341555672850615 0.12217104427612113 0.01906056711786448
0 0.21421206749765814 0.3609594897945584 0.1329022846517263 0.029782136121663215
0 0.3384468118460109 0.37108541607592377 0.09740664340933947 0.025016994342197313
0 0.44906113571763384 0.369298487908624 0.0841989629470569 0.025016994342196827
0 0.18449478645752065 0.3901459831937884 0.06356196222473864 0.02620827978706359
0 0.27405936959237964 0.39878280266907074 0.0875008830626273 0.016082353505698154
0 0.41191453441746195 0.4035479444485368 0.13868064485397516 0.020847495285164067
0 0.22659426793104878 0.4261823679010008 0.14941188522958043 0.027995207954363274
0 0.3801335533050929 0.4357126514599331 0.10813788378494497 0.013699782615965004
0 0.48950965713337646 0.43839304371088256 0.08089704283148544 0.026208279787064293
0 0.832840294149226 0.072072769414425 0.04870332170466995 0.03573856334599582
